63 0.500000 604.033000 9101.136000 0.500000 0.500000

      589.40797      9113.29178
      590.11453      9113.64610
      590.35004      9114.11854
      591.05660      9114.47286
      592.11643      9115.06341
      593.41177      9115.65395
      595.29592      9115.77206
      596.23799      9115.89016
      597.53334      9116.12639
      598.59316      9116.12639
      600.00628      9116.12639
      601.30161      9116.24450
      602.36145      9115.89016
      603.30352      9115.53584
      604.71663      9115.29963
      605.77646      9114.70908
      606.71853      9113.76421
      607.30732      9112.93745
      607.77836      9111.87448
      607.66059      9111.75636
      608.24939      9110.57528
      609.19147      9109.39419
      609.89802      9108.09499
      610.48681      9106.79579
      610.84008      9105.02417
      610.72233      9103.13442
      610.25130      9101.83523
      610.01578      9100.53603
      609.78026      9099.23683
      609.54475      9097.58330
      609.42698      9096.40222
      609.30922      9094.86680
      608.72043      9093.33139
      608.48491      9091.91409
      608.13163      9090.49678
      607.77836      9089.07948
      606.60077      9088.37082
      605.54094      9087.89839
      604.24559      9087.54405
      603.42128      9088.25272
      601.89042      9087.66217
      600.12403      9087.42595
      598.23989      9087.54405
      597.18006      9087.66217
      596.35575      9089.19758
      596.00247      9090.02434
      594.47161      9089.55190
      593.05850      9089.07948
      593.05850      9090.85110
      592.35195      9092.38652
      591.17436      9093.92194
      590.35004      9095.33924
      589.76124      9096.75654
      589.29022      9098.17385
      589.05469      9100.06359
      588.70142      9101.95333
      588.70142      9104.31550
      589.05469      9106.20525
      589.64349      9107.38634
      589.99677      9108.33120
      589.87901      9109.86663
      589.76124      9111.40204
      589.52573      9112.46501
