342

      570.00000      9075.00000        -0.05003
      570.00000      9078.22900        -0.05860
      570.00000      9081.45800        -0.06847
      570.00000      9084.68700        -0.07961
      570.00000      9087.91600        -0.09179
      570.00000      9091.14500        -0.10450
      570.00000      9094.37400        -0.11682
      570.00000      9097.60300        -0.12745
      570.00000      9100.83200        -0.13482
      570.00000      9104.06100        -0.13761
      570.00000      9107.29000        -0.13527
      570.00000      9110.51900        -0.12825
      570.00000      9113.74800        -0.11779
      570.00000      9116.97700        -0.10541
      570.00000      9120.20600        -0.09246
      570.00000      9123.43500        -0.07993
      570.00000      9126.66400        -0.06842
      570.00000      9129.89300        -0.05824
      573.15800      9075.00000        -0.05971
      573.15800      9078.22900        -0.07139
      573.15800      9081.45800        -0.08536
      573.15800      9084.68700        -0.10180
      573.15800      9087.91600        -0.12067
      573.15800      9091.14500        -0.14144
      573.15800      9094.37400        -0.16278
      573.15800      9097.60300        -0.18222
      573.15800      9100.83200        -0.19631
      573.15800      9104.06100        -0.20173
      573.15800      9107.29000        -0.19705
      573.15800      9110.51900        -0.18363
      573.15800      9113.74800        -0.16458
      573.15800      9116.97700        -0.14319
      573.15800      9120.20600        -0.12199
      573.15800      9123.43500        -0.10249
      573.15800      9126.66400        -0.08541
      573.15800      9129.89300        -0.07094
      576.31600      9075.00000        -0.07143
      576.31600      9078.22900        -0.08746
      576.31600      9081.45800        -0.10748
      576.31600      9084.68700        -0.13229
      576.31600      9087.91600        -0.16256
      576.31600      9091.14500        -0.19844
      576.31600      9094.37400        -0.23861
      576.31600      9097.60300        -0.27863
      576.31600      9100.83200        -0.30974
      576.31600      9104.06100        -0.32166
      576.31600      9107.29000        -0.31006
      576.31600      9110.51900        -0.28014
      576.31600      9113.74800        -0.24139
      576.31600      9116.97700        -0.20153
      576.31600      9120.20600        -0.16496
      576.31600      9123.43500        -0.13354
      576.31600      9126.66400        -0.10764
      576.31600      9129.89300        -0.08682
      579.47400      9075.00000        -0.08554
      579.47400      9078.22900        -0.10762
      579.47400      9081.45800        -0.13665
      579.47400      9084.68700        -0.17497
      579.47400      9087.91600        -0.22571
      579.47400      9091.14500        -0.29275
      579.47400      9094.37400        -0.37923
      579.47400      9097.60300        -0.48069
      579.47400      9100.83200        -0.57124
      579.47400      9104.06100        -0.60353
      579.47400      9107.29000        -0.55990
      579.47400      9110.51900        -0.47257
      579.47400      9113.74800        -0.37928
      579.47400      9116.97700        -0.29689
      579.47400      9120.20600        -0.22959
      579.47400      9123.43500        -0.17693
      579.47400      9126.66400        -0.13677
      579.47400      9129.89300        -0.10650
      582.63200      9075.00000        -0.10228
      582.63200      9078.22900        -0.13278
      582.63200      9081.45800        -0.17537
      582.63200      9084.68700        -0.23635
      582.63200      9087.91600        -0.32706
      582.63200      9091.14500        -0.47183
      582.63200      9094.37400        -0.72613
      582.63200      9097.60300        -1.18333
      582.63200      9100.83200        -1.75621
      582.63200      9104.06100        -1.83112
      582.63200      9107.29000        -1.41956
      582.63200      9110.51900        -0.97024
      582.63200      9113.74800        -0.66571
      582.63200      9116.97700        -0.46628
      582.63200      9120.20600        -0.33103
      582.63200      9123.43500        -0.23839
      582.63200      9126.66400        -0.17472
      582.63200      9129.89300        -0.13051
      585.79000      9075.00000        -0.12177
      585.79000      9078.22900        -0.16383
      585.79000      9081.45800        -0.22719
      585.79000      9084.68700        -0.32891
      585.79000      9087.91600        -0.51450
      585.79000      9091.14500        -1.00711
      585.79000      9094.37400        -2.47579
      585.79000      9097.60300        -3.81964
      585.79000      9100.83200        -4.89071
      585.79000      9104.06100        -5.37264
      585.79000      9107.29000        -4.98394
      585.79000      9110.51900        -3.28821
      585.79000      9113.74800        -1.49355
      585.79000      9116.97700        -0.82078
      585.79000      9120.20600        -0.50101
      585.79000      9123.43500        -0.32631
      585.79000      9126.66400        -0.22331
      585.79000      9129.89300        -0.15888
      588.94800      9075.00000        -0.14379
      588.94800      9078.22900        -0.20144
      588.94800      9081.45800        -0.29737
      588.94800      9084.68700        -0.48570
      588.94800      9087.91600        -1.08576
      588.94800      9091.14500        -2.68713
      588.94800      9094.37400        -3.74651
      588.94800      9097.60300        -5.63849
      588.94800      9100.83200        -7.53893
      588.94800      9104.06100        -8.93389
      588.94800      9107.29000        -7.49677
      588.94800      9110.51900        -6.32400
      588.94800      9113.74800        -4.57610
      588.94800      9116.97700        -2.09485
      588.94800      9120.20600        -0.82197
      588.94800      9123.43500        -0.45152
      588.94800      9126.66400        -0.28289
      588.94800      9129.89300        -0.19060
      592.10600      9075.00000        -0.16751
      592.10600      9078.22900        -0.24532
      592.10600      9081.45800        -0.39329
      592.10600      9084.68700        -0.83659
      592.10600      9087.91600        -2.58265
      592.10600      9091.14500        -3.63885
      592.10600      9094.37400        -7.09511
      592.10600      9097.60300        -9.18755
      592.10600      9100.83200       -10.75481
      592.10600      9104.06100       -11.62043
      592.10600      9107.29000       -11.58479
      592.10600      9110.51900       -10.53422
      592.10600      9113.74800        -8.47840
      592.10600      9116.97700        -4.62455
      592.10600      9120.20600        -1.56683
      592.10600      9123.43500        -0.61968
      592.10600      9126.66400        -0.34949
      592.10600      9129.89300        -0.22289
      595.26400      9075.00000        -0.19134
      595.26400      9078.22900        -0.29313
      595.26400      9081.45800        -0.52046
      595.26400      9084.68700        -1.82941
      595.26400      9087.91600        -3.25695
      595.26400      9091.14500        -6.58089
      595.26400      9094.37400        -9.08322
      595.26400      9097.60300       -11.43128
      595.26400      9100.83200       -13.09902
      595.26400      9104.06100       -13.85091
      595.26400      9107.29000       -13.73020
      595.26400      9110.51900       -12.74730
      595.26400      9113.74800       -10.60647
      595.26400      9116.97700        -6.07765
      595.26400      9120.20600        -2.76759
      595.26400      9123.43500        -0.79990
      595.26400      9126.66400        -0.41157
      595.26400      9129.89300        -0.25088
      598.42200      9075.00000        -0.21292
      598.42200      9078.22900        -0.33975
      598.42200      9081.45800        -0.66892
      598.42200      9084.68700        -2.50943
      598.42200      9087.91600        -4.60163
      598.42200      9091.14500        -8.29214
      598.42200      9094.37400       -11.36954
      598.42200      9097.60300       -13.57218
      598.42200      9100.83200       -14.81100
      598.42200      9104.06100       -15.24862
      598.42200      9107.29000       -14.97975
      598.42200      9110.51900       -14.04450
      598.42200      9113.74800       -12.12438
      598.42200      9116.97700        -7.13461
      598.42200      9120.20600        -3.40600
      598.42200      9123.43500        -0.91875
      598.42200      9126.66400        -0.45224
      598.42200      9129.89300        -0.26879
      601.58000      9075.00000        -0.22957
      601.58000      9078.22900        -0.37893
      601.58000      9081.45800        -0.80419
      601.58000      9084.68700        -2.80853
      601.58000      9087.91600        -5.11792
      601.58000      9091.14500        -9.40285
      601.58000      9094.37400       -12.66807
      601.58000      9097.60300       -14.57750
      601.58000      9100.83200       -15.57452
      601.58000      9104.06100       -15.83431
      601.58000      9107.29000       -15.43970
      601.58000      9110.51900       -14.45958
      601.58000      9113.74800       -12.61217
      601.58000      9116.97700        -7.33717
      601.58000      9120.20600        -3.12141
      601.58000      9123.43500        -0.92034
      601.58000      9126.66400        -0.45844
      601.58000      9129.89300        -0.27226
      604.73800      9075.00000        -0.23859
      604.73800      9078.22900        -0.40544
      604.73800      9081.45800        -0.91046
      604.73800      9084.68700        -3.08972
      604.73800      9087.91600        -5.40571
      604.73800      9091.14500       -10.39788
      604.73800      9094.37400       -12.87906
      604.73800      9097.60300       -14.44197
      604.73800      9100.83200       -15.23597
      604.73800      9104.06100       -15.39075
      604.73800      9107.29000       -14.95536
      604.73800      9110.51900       -13.91101
      604.73800      9113.74800       -11.87593
      604.73800      9116.97700        -6.49302
      604.73800      9120.20600        -2.23227
      604.73800      9123.43500        -0.81640
      604.73800      9126.66400        -0.42899
      604.73800      9129.89300        -0.26054
      607.89600      9075.00000        -0.23716
      607.89600      9078.22900        -0.41186
      607.89600      9081.45800        -0.97164
      607.89600      9084.68700        -3.60281
      607.89600      9087.91600        -6.54509
      607.89600      9091.14500        -8.89285
      607.89600      9094.37400       -11.90872
      607.89600      9097.60300       -13.00368
      607.89600      9100.83200       -13.36010
      607.89600      9104.06100       -13.32568
      607.89600      9107.29000       -12.94349
      607.89600      9110.51900       -11.74254
      607.89600      9113.74800        -8.10694
      607.89600      9116.97700        -4.80532
      607.89600      9120.20600        -1.44241
      607.89600      9123.43500        -0.65901
      607.89600      9126.66400        -0.37452
      607.89600      9129.89300        -0.23679
      611.05400      9075.00000        -0.22307
      611.05400      9078.22900        -0.38609
      611.05400      9081.45800        -0.90734
      611.05400      9084.68700        -3.97745
      611.05400      9087.91600        -6.70366
      611.05400      9091.14500        -7.87192
      611.05400      9094.37400        -8.44911
      611.05400      9097.60300        -8.45088
      611.05400      9100.83200        -7.93869
      611.05400      9104.06100        -8.94491
      611.05400      9107.29000        -7.70296
      611.05400      9110.51900        -6.60835
      611.05400      9113.74800        -5.00993
      611.05400      9116.97700        -2.06260
      611.05400      9120.20600        -0.90208
      611.05400      9123.43500        -0.50065
      611.05400      9126.66400        -0.31047
      611.05400      9129.89300        -0.20639
      614.21200      9075.00000        -0.19743
      614.21200      9078.22900        -0.32604
      614.21200      9081.45800        -0.67347
      614.21200      9084.68700        -2.58575
      614.21200      9087.91600        -5.32677
      614.21200      9091.14500        -6.20342
      614.21200      9094.37400        -6.05255
      614.21200      9097.60300        -5.04832
      614.21200      9100.83200        -4.32488
      614.21200      9104.06100        -4.54563
      614.21200      9107.29000        -4.76148
      614.21200      9110.51900        -3.78002
      614.21200      9113.74800        -1.76169
      614.21200      9116.97700        -0.95660
      614.21200      9120.20600        -0.57756
      614.21200      9123.43500        -0.37040
      614.21200      9126.66400        -0.24923
      614.21200      9129.89300        -0.17456
      617.37000      9075.00000        -0.16587
      617.37000      9078.22900        -0.25314
      617.37000      9081.45800        -0.42900
      617.37000      9084.68700        -0.83517
      617.37000      9087.91600        -1.65742
      617.37000      9091.14500        -2.18869
      617.37000      9094.37400        -1.99280
      617.37000      9097.60300        -1.60097
      617.37000      9100.83200        -1.41718
      617.37000      9104.06100        -1.41060
      617.37000      9107.29000        -1.39884
      617.37000      9110.51900        -1.10744
      617.37000      9113.74800        -0.78579
      617.37000      9116.97700        -0.55075
      617.37000      9120.20600        -0.38612
      617.37000      9123.43500        -0.27343
      617.37000      9126.66400        -0.19701
      617.37000      9129.89300        -0.14487
      620.52800      9075.00000        -0.13496
      620.52800      9078.22900        -0.19016
      620.52800      9081.45800        -0.27777
      620.52800      9084.68700        -0.41147
      620.52800      9087.91600        -0.57500
      620.52800      9091.14500        -0.69612
      620.52800      9094.37400        -0.73247
      620.52800      9097.60300        -0.71773
      620.52800      9100.83200        -0.69540
      620.52800      9104.06100        -0.67368
      620.52800      9107.29000        -0.63177
      620.52800      9110.51900        -0.55112
      620.52800      9113.74800        -0.44901
      620.52800      9116.97700        -0.35089
      620.52800      9120.20600        -0.26841
      620.52800      9123.43500        -0.20381
      620.52800      9126.66400        -0.15513
      620.52800      9129.89300        -0.11905
      623.68600      9075.00000        -0.10843
      623.68600      9078.22900        -0.14318
      623.68600      9081.45800        -0.19040
      623.68600      9084.68700        -0.24994
      623.68600      9087.91600        -0.31362
      623.68600      9091.14500        -0.36605
      623.68600      9094.37400        -0.39705
      623.68600      9097.60300        -0.40870
      623.68600      9100.83200        -0.40765
      623.68600      9104.06100        -0.39636
      623.68600      9107.29000        -0.37249
      623.68600      9110.51900        -0.33474
      623.68600      9113.74800        -0.28756
      623.68600      9116.97700        -0.23836
      623.68600      9120.20600        -0.19294
      623.68600      9123.43500        -0.15412
      623.68600      9126.66400        -0.12252
      623.68600      9129.89300        -0.09750
      626.84400      9075.00000        -0.08709
      626.84400      9078.22900        -0.10950
      626.84400      9081.45800        -0.13710
      626.84400      9084.68700        -0.16875
      626.84400      9087.91600        -0.20093
      626.84400      9091.14500        -0.22873
      626.84400      9094.37400        -0.24842
      626.84400      9097.60300        -0.25905
      626.84400      9100.83200        -0.26135
      626.84400      9104.06100        -0.25588
      626.84400      9107.29000        -0.24270
      626.84400      9110.51900        -0.22239
      626.84400      9113.74800        -0.19700
      626.84400      9116.97700        -0.16952
      626.84400      9120.20600        -0.14271
      626.84400      9123.43500        -0.11839
      626.84400      9126.66400        -0.09742
      626.84400      9129.89300        -0.07991
