0.500000 2.000000 0.100000 0.000001
100 20 30
0.500000 0.500000 -61
0.000260 0.003900 0.002600 1.000000 0.000000 0.000000 25.000000 590.000000 610.000000 9090.000000 9115.000000 0.300000 0.300000 1.000000 -251.311000 0.000000

10 30 0.600000 0.000000

-0.090000 604.033000 9101.136000 2.000000
-0.090000 604.033000 9101.136000 2.000000
-0.090000 604.033000 9101.136000 2.000000
-0.090000 604.033000 9101.136000 2.000000
-0.090000 604.033000 9101.136000 2.000000
-0.090000 604.033000 9101.136000 2.000000
-0.090000 604.033000 9101.136000 2.000000
-0.090000 604.033000 9101.136000 2.000000
-0.090000 604.033000 9101.136000 2.000000
-0.090000 604.033000 9101.136000 2.000000
