# lon lat x-norte(m) y-leste(m) z(m) topo(m) mag(nT)
-51.54831 -15.49831 0.00000 0.00000 -458.62510 308.62510 -13.08388
-51.54068 -15.49831 0.00000 847.44915 -457.02828 307.02828 145.60680
-51.53305 -15.49831 0.00000 1694.89831 -455.55405 305.55405 176.15020
-51.52542 -15.49831 0.00000 2542.34746 -454.16115 304.16115 105.02468
-51.51780 -15.49831 0.00000 3389.79661 -452.81020 302.81020 -11.45433
-51.51017 -15.49831 0.00000 4237.24576 -451.45950 301.45950 -87.60056
-51.50254 -15.49831 0.00000 5084.69492 -450.03647 300.03647 -58.23488
-51.49492 -15.49831 0.00000 5932.14407 -449.11747 299.11747 -6.12226
-51.48729 -15.49831 0.00000 6779.59322 -448.53276 298.53276 0.92765
-51.47966 -15.49831 0.00000 7627.04237 -448.03583 298.03583 -91.68057
-51.47203 -15.49831 0.00000 8474.49153 -447.60928 297.60928 -172.44173
-51.46441 -15.49831 0.00000 9321.94068 -447.23324 297.23324 -158.02660
-51.45678 -15.49831 0.00000 10169.38983 -446.89037 296.89037 -63.30449
-51.44915 -15.49831 0.00000 11016.83898 -446.56499 296.56499 -8.45275
-51.44153 -15.49831 0.00000 11864.28814 -446.24211 296.24211 8.33107
-51.43390 -15.49831 0.00000 12711.73729 -445.90628 295.90628 60.79091
-51.42627 -15.49831 0.00000 13559.18644 -445.54062 295.54062 141.77046
-51.41864 -15.49831 0.00000 14406.63559 -445.13087 295.13087 182.83081
-51.41102 -15.49831 0.00000 15254.08475 -445.30156 295.30156 56.70096
-51.40339 -15.49831 0.00000 16101.53390 -445.62528 295.62528 -0.63328
-51.39576 -15.49831 0.00000 16948.98305 -445.89772 295.89772 -28.24332
-51.38814 -15.49831 0.00000 17796.43220 -446.14352 296.14352 -52.02288
-51.38051 -15.49831 0.00000 18643.88136 -446.38491 296.38491 -78.77137
-51.37288 -15.49831 0.00000 19491.33051 -446.64288 296.64288 -94.21559
-51.36525 -15.49831 0.00000 20338.77966 -446.93867 296.93867 -113.30158
-51.35763 -15.49831 0.00000 21186.22881 -447.29525 297.29525 -135.18389
-51.35000 -15.49831 0.00000 22033.67797 -447.73878 297.73878 -182.97781
-51.54831 -15.49322 564.96610 0.00000 -458.27194 308.27194 -88.31470
-51.54068 -15.49322 564.96610 847.44915 -456.66511 306.66511 35.15200
-51.53305 -15.49322 564.96610 1694.89831 -455.16481 305.16481 204.90909
-51.52542 -15.49322 564.96610 2542.34746 -453.73158 303.73158 233.79580
-51.51780 -15.49322 564.96610 3389.79661 -452.31982 302.31982 96.80641
-51.51017 -15.49322 564.96610 4237.24576 -450.85314 300.85314 -66.05479
-51.50254 -15.49322 564.96610 5084.69492 -449.29440 299.29440 -75.89003
-51.49492 -15.49322 564.96610 5932.14407 -448.41583 298.41583 -25.32089
-51.48729 -15.49322 564.96610 6779.59322 -448.00470 298.00470 14.92937
-51.47966 -15.49322 564.96610 7627.04237 -447.55421 297.55421 -33.14259
-51.47203 -15.49322 564.96610 8474.49153 -447.14239 297.14239 -126.29725
-51.46441 -15.49322 564.96610 9321.94068 -446.77017 296.77017 -179.90921
-51.45678 -15.49322 564.96610 10169.38983 -446.42626 296.42626 -76.88961
-51.44915 -15.49322 564.96610 11016.83898 -446.09756 296.09756 -5.24014
-51.44153 -15.49322 564.96610 11864.28814 -445.77062 295.77062 -1.33421
-51.43390 -15.49322 564.96610 12711.73729 -445.43195 295.43195 47.26036
-51.42627 -15.49322 564.96610 13559.18644 -445.07085 295.07085 141.38182
-51.41864 -15.49322 564.96610 14406.63559 -444.76068 294.76068 208.22329
-51.41102 -15.49322 564.96610 15254.08475 -444.83869 294.83869 136.57669
-51.40339 -15.49322 564.96610 16101.53390 -445.14651 295.14651 21.56720
-51.39576 -15.49322 564.96610 16948.98305 -445.42252 295.42252 -28.01432
-51.38814 -15.49322 564.96610 17796.43220 -445.67459 295.67459 -33.37849
-51.38051 -15.49322 564.96610 18643.88136 -445.92171 295.92171 -25.88551
-51.37288 -15.49322 564.96610 19491.33051 -446.18298 296.18298 -16.60976
-51.36525 -15.49322 564.96610 20338.77966 -446.47705 296.47705 -40.12462
-51.35763 -15.49322 564.96610 21186.22881 -446.82159 296.82159 -56.41629
-51.35000 -15.49322 564.96610 22033.67797 -447.22769 297.22769 -47.38877
-51.54831 -15.48814 1129.93220 0.00000 -457.55338 307.55338 -99.22428
-51.54068 -15.48814 1129.93220 847.44915 -455.98279 305.98279 -27.80222
-51.53305 -15.48814 1129.93220 1694.89831 -454.48054 304.48054 82.69282
-51.52542 -15.48814 1129.93220 2542.34746 -453.01098 303.01098 142.32574
-51.51780 -15.48814 1129.93220 3389.79661 -451.51165 301.51165 123.68483
-51.51017 -15.48814 1129.93220 4237.24576 -449.94431 299.94431 56.53320
-51.50254 -15.48814 1129.93220 5084.69492 -448.58401 298.58401 0.75271
-51.49492 -15.48814 1129.93220 5932.14407 -447.71098 297.71098 -7.68643
-51.48729 -15.48814 1129.93220 6779.59322 -447.29319 297.29319 39.84509
-51.47966 -15.48814 1129.93220 7627.04237 -446.95135 296.95135 30.33050
-51.47203 -15.48814 1129.93220 8474.49153 -446.59084 296.59084 -30.78027
-51.46441 -15.48814 1129.93220 9321.94068 -446.24336 296.24336 -85.29245
-51.45678 -15.48814 1129.93220 10169.38983 -445.91259 295.91259 -37.34988
-51.44915 -15.48814 1129.93220 11016.83898 -445.59156 295.59156 8.45283
-51.44153 -15.48814 1129.93220 11864.28814 -445.27053 295.27053 -26.39496
-51.43390 -15.48814 1129.93220 12711.73729 -444.94053 294.94053 -44.81712
-51.42627 -15.48814 1129.93220 13559.18644 -444.60443 294.60443 7.27671
-51.41864 -15.48814 1129.93220 14406.63559 -444.38779 294.38779 112.02578
-51.41102 -15.48814 1129.93220 15254.08475 -444.40875 294.40875 59.04563
-51.40339 -15.48814 1129.93220 16101.53390 -444.64373 294.64373 -17.11178
-51.39576 -15.48814 1129.93220 16948.98305 -444.90514 294.90514 -57.61046
-51.38814 -15.48814 1129.93220 17796.43220 -445.15080 295.15080 0.52980
-51.38051 -15.48814 1129.93220 18643.88136 -445.39008 295.39008 117.47941
-51.37288 -15.48814 1129.93220 19491.33051 -445.63766 295.63766 90.02091
-51.36525 -15.48814 1129.93220 20338.77966 -445.90615 295.90615 -37.93475
-51.35763 -15.48814 1129.93220 21186.22881 -446.20019 296.20019 -62.15354
-51.35000 -15.48814 1129.93220 22033.67797 -446.49312 296.49312 -20.06488
-51.54831 -15.48305 1694.89831 0.00000 -456.41356 306.41356 -105.30704
-51.54068 -15.48305 1694.89831 847.44915 -454.93400 304.93400 -78.31831
-51.53305 -15.48305 1694.89831 1694.89831 -453.45595 303.45595 -20.05489
-51.52542 -15.48305 1694.89831 2542.34746 -451.97715 301.97715 46.17358
-51.51780 -15.48305 1694.89831 3389.79661 -450.49834 300.49834 107.21295
-51.51017 -15.48305 1694.89831 4237.24576 -449.03027 299.03027 124.86048
-51.50254 -15.48305 1694.89831 5084.69492 -447.84540 297.84540 70.41790
-51.49492 -15.48305 1694.89831 5932.14407 -447.01262 297.01262 21.18340
-51.48729 -15.48305 1694.89831 6779.59322 -446.54612 296.54612 55.23736
-51.47966 -15.48305 1694.89831 7627.04237 -446.24512 296.24512 67.66712
-51.47203 -15.48305 1694.89831 8474.49153 -445.94412 295.94412 36.37967
-51.46441 -15.48305 1694.89831 9321.94068 -445.64312 295.64312 -15.60171
-51.45678 -15.48305 1694.89831 10169.38983 -445.34201 295.34201 -18.92256
-51.44915 -15.48305 1694.89831 11016.83898 -445.04111 295.04111 5.87483
-51.44153 -15.48305 1694.89831 11864.28814 -444.74011 294.74011 -38.65122
-51.43390 -15.48305 1694.89831 12711.73729 -444.43911 294.43911 -81.65819
-51.42627 -15.48305 1694.89831 13559.18644 -444.14668 294.14668 -68.11178
-51.41864 -15.48305 1694.89831 14406.63559 -443.98721 293.98721 3.57319
-51.41102 -15.48305 1694.89831 15254.08475 -443.98105 293.98105 -52.59999
-51.40339 -15.48305 1694.89831 16101.53390 -444.13526 294.13526 -42.59053
-51.39576 -15.48305 1694.89831 16948.98305 -444.35007 294.35007 -48.71834
-51.38814 -15.48305 1694.89831 17796.43220 -444.56488 294.56488 25.58086
-51.38051 -15.48305 1694.89831 18643.88136 -444.77968 294.77968 162.48138
-51.37288 -15.48305 1694.89831 19491.33051 -444.99429 294.99429 130.19475
-51.36525 -15.48305 1694.89831 20338.77966 -445.20931 295.20931 -23.79804
-51.35763 -15.48305 1694.89831 21186.22881 -445.42412 295.42412 -46.87391
-51.35000 -15.48305 1694.89831 22033.67797 -445.63893 295.63893 -4.37688
-51.54831 -15.47797 2259.86441 0.00000 -455.04171 305.04171 -107.57431
-51.54068 -15.47797 2259.86441 847.44915 -453.65232 303.65232 -91.44075
-51.53305 -15.47797 2259.86441 1694.89831 -452.26293 302.26293 -65.89680
-51.52542 -15.47797 2259.86441 2542.34746 -450.87354 300.87354 -21.87741
-51.51780 -15.47797 2259.86441 3389.79661 -449.48414 299.48414 14.37927
-51.51017 -15.47797 2259.86441 4237.24576 -448.13865 298.13865 58.45239
-51.50254 -15.47797 2259.86441 5084.69492 -447.07705 297.07705 125.14641
-51.49492 -15.47797 2259.86441 5932.14407 -446.29499 296.29499 77.95663
-51.48729 -15.47797 2259.86441 6779.59322 -445.80363 295.80363 49.61276
-51.47966 -15.47797 2259.86441 7627.04237 -445.53314 295.53314 50.64665
-51.47203 -15.47797 2259.86441 8474.49153 -445.26723 295.26723 39.01713
-51.46441 -15.47797 2259.86441 9321.94068 -445.00132 295.00132 -4.57102
-51.45678 -15.47797 2259.86441 10169.38983 -444.73542 294.73542 -45.32832
-51.44915 -15.47797 2259.86441 11016.83898 -444.46951 294.46951 -29.02598
-51.44153 -15.47797 2259.86441 11864.28814 -444.20360 294.20360 -24.72561
-51.43390 -15.47797 2259.86441 12711.73729 -443.93769 293.93769 -4.14262
-51.42627 -15.47797 2259.86441 13559.18644 -443.69421 293.69421 -19.78676
-51.41864 -15.47797 2259.86441 14406.63559 -443.56298 293.56298 -140.72284
-51.41102 -15.47797 2259.86441 15254.08475 -443.53857 293.53857 -230.02554
-51.40339 -15.47797 2259.86441 16101.53390 -443.62721 293.62721 -42.04443
-51.39576 -15.47797 2259.86441 16948.98305 -443.79221 293.79221 30.60733
-51.38814 -15.47797 2259.86441 17796.43220 -443.95763 293.95763 30.94823
-51.38051 -15.47797 2259.86441 18643.88136 -444.12306 294.12306 31.68264
-51.37288 -15.47797 2259.86441 19491.33051 -444.28848 294.28848 43.49216
-51.36525 -15.47797 2259.86441 20338.77966 -444.45391 294.45391 11.21538
-51.35763 -15.47797 2259.86441 21186.22881 -444.61933 294.61933 11.64448
-51.35000 -15.47797 2259.86441 22033.67797 -444.78475 294.78475 0.45049
-51.54831 -15.47288 2824.83051 0.00000 -453.66986 303.66986 -110.93262
-51.54068 -15.47288 2824.83051 847.44915 -452.36988 302.36988 -101.81215
-51.53305 -15.47288 2824.83051 1694.89831 -451.06990 301.06990 -98.32239
-51.52542 -15.47288 2824.83051 2542.34746 -449.76993 299.76993 -74.52886
-51.51780 -15.47288 2824.83051 3389.79661 -448.46995 298.46995 -56.72472
-51.51017 -15.47288 2824.83051 4237.24576 -447.24496 297.24496 -15.57328
-51.50254 -15.47288 2824.83051 5084.69492 -446.28213 296.28213 74.17655
-51.49492 -15.47288 2824.83051 5932.14407 -445.55534 295.55534 41.89574
-51.48729 -15.47288 2824.83051 6779.59322 -445.07275 295.07275 -10.85098
-51.47966 -15.47288 2824.83051 7627.04237 -444.82116 294.82116 -8.82352
-51.47203 -15.47288 2824.83051 8474.49153 -444.59035 294.59035 -7.05915
-51.46441 -15.47288 2824.83051 9321.94068 -444.35953 294.35953 -50.10017
-51.45678 -15.47288 2824.83051 10169.38983 -444.12872 294.12872 -115.55619
-51.44915 -15.47288 2824.83051 11016.83898 -443.89791 293.89791 -76.00825
-51.44153 -15.47288 2824.83051 11864.28814 -443.66709 293.66709 -34.73073
-51.43390 -15.47288 2824.83051 12711.73729 -443.43628 293.43628 1.45111
-51.42627 -15.47288 2824.83051 13559.18644 -443.23531 293.23531 -30.88154
-51.41864 -15.47288 2824.83051 14406.63559 -443.12014 293.12014 -179.83701
-51.41102 -15.47288 2824.83051 15254.08475 -443.08123 293.08123 -237.19100
-51.40339 -15.47288 2824.83051 16101.53390 -443.12245 293.12245 -136.75302
-51.39576 -15.47288 2824.83051 16948.98305 -443.23435 293.23435 -96.51281
-51.38814 -15.47288 2824.83051 17796.43220 -443.35039 293.35039 -100.89042
-51.38051 -15.47288 2824.83051 18643.88136 -443.46643 293.46643 -108.60198
-51.37288 -15.47288 2824.83051 19491.33051 -443.58246 293.58246 -104.15695
-51.36525 -15.47288 2824.83051 20338.77966 -443.69850 293.69850 -55.20651
-51.35763 -15.47288 2824.83051 21186.22881 -443.81454 293.81454 -17.79528
-51.35000 -15.47288 2824.83051 22033.67797 -443.93057 293.93057 -28.55051
-51.54831 -15.46780 3389.79661 0.00000 -452.29801 302.29801 -115.40225
-51.54068 -15.46780 3389.79661 847.44915 -451.08745 301.08745 -108.83992
-51.53305 -15.46780 3389.79661 1694.89831 -449.87688 299.87688 -118.11318
-51.52542 -15.46780 3389.79661 2542.34746 -448.66632 298.66632 -113.38394
-51.51780 -15.46780 3389.79661 3389.79661 -447.45575 297.45575 -108.07281
-51.51017 -15.46780 3389.79661 4237.24576 -446.34111 296.34111 -95.61124
-51.50254 -15.46780 3389.79661 5084.69492 -445.46419 295.46419 -67.29711
-51.49492 -15.46780 3389.79661 5932.14407 -444.79509 294.79509 -73.73733
-51.48729 -15.46780 3389.79661 6779.59322 -444.34037 294.34037 -120.89582
-51.47966 -15.46780 3389.79661 7627.04237 -444.10918 294.10918 -107.99190
-51.47203 -15.46780 3389.79661 8474.49153 -443.91346 293.91346 -94.51403
-51.46441 -15.46780 3389.79661 9321.94068 -443.71774 293.71774 -140.95136
-51.45678 -15.46780 3389.79661 10169.38983 -443.52202 293.52202 -226.70437
-51.44915 -15.46780 3389.79661 11016.83898 -443.32630 293.32630 -132.76298
-51.44153 -15.46780 3389.79661 11864.28814 -443.13058 293.13058 -65.79425
-51.43390 -15.46780 3389.79661 12711.73729 -442.93486 292.93486 -50.36159
-51.42627 -15.46780 3389.79661 13559.18644 -442.76855 292.76855 -85.77893
-51.41864 -15.46780 3389.79661 14406.63559 -442.66348 292.66348 -144.18308
-51.41102 -15.46780 3389.79661 15254.08475 -442.61194 292.61194 -119.12257
-51.40339 -15.46780 3389.79661 16101.53390 -442.61639 292.61639 -297.03017
-51.39576 -15.46780 3389.79661 16948.98305 -442.67649 292.67649 -364.86338
-51.38814 -15.46780 3389.79661 17796.43220 -442.74314 292.74314 -327.26630
-51.38051 -15.46780 3389.79661 18643.88136 -442.80979 292.80979 -254.65431
-51.37288 -15.46780 3389.79661 19491.33051 -442.87644 292.87644 -298.30769
-51.36525 -15.46780 3389.79661 20338.77966 -442.94309 292.94309 -190.69232
-51.35763 -15.46780 3389.79661 21186.22881 -443.00974 293.00974 -110.16207
-51.35000 -15.46780 3389.79661 22033.67797 -443.07639 293.07639 -84.17306
-51.54831 -15.46271 3954.76271 0.00000 -450.92616 300.92616 -131.98646
-51.54068 -15.46271 3954.76271 847.44915 -449.80501 299.80501 -135.32333
-51.53305 -15.46271 3954.76271 1694.89831 -448.68386 298.68386 -143.14443
-51.52542 -15.46271 3954.76271 2542.34746 -447.56271 297.56271 -141.87571
-51.51780 -15.46271 3954.76271 3389.79661 -446.44156 296.44156 -143.45167
-51.51017 -15.46271 3954.76271 4237.24576 -445.42534 295.42534 -146.52486
-51.50254 -15.46271 3954.76271 5084.69492 -444.62654 294.62654 -150.02244
-51.49492 -15.46271 3954.76271 5932.14407 -444.01662 294.01662 -201.44602
-51.48729 -15.46271 3954.76271 6779.59322 -443.60125 293.60125 -415.98132
-51.47966 -15.46271 3954.76271 7627.04237 -443.39720 293.39720 -396.04109
-51.47203 -15.46271 3954.76271 8474.49153 -443.23658 293.23658 -308.15292
-51.46441 -15.46271 3954.76271 9321.94068 -443.07595 293.07595 -305.91426
-51.45678 -15.46271 3954.76271 10169.38983 -442.91532 292.91532 -303.27414
-51.44915 -15.46271 3954.76271 11016.83898 -442.75470 292.75470 -203.89266
-51.44153 -15.46271 3954.76271 11864.28814 -442.59407 292.59407 -170.42389
-51.43390 -15.46271 3954.76271 12711.73729 -442.43344 292.43344 -169.13298
-51.42627 -15.46271 3954.76271 13559.18644 -442.29553 292.29553 -160.48920
-51.41864 -15.46271 3954.76271 14406.63559 -442.19746 292.19746 -122.88034
-51.41102 -15.46271 3954.76271 15254.08475 -442.13424 292.13424 -109.87207
-51.40339 -15.46271 3954.76271 16101.53390 -442.10741 292.10741 -231.22707
-51.39576 -15.46271 3954.76271 16948.98305 -442.11864 292.11864 -317.14656
-51.38814 -15.46271 3954.76271 17796.43220 -442.13590 292.13590 -324.09140
-51.38051 -15.46271 3954.76271 18643.88136 -442.15316 292.15316 -277.15542
-51.37288 -15.46271 3954.76271 19491.33051 -442.17042 292.17042 -279.40244
-51.36525 -15.46271 3954.76271 20338.77966 -442.18769 292.18769 -218.80872
-51.35763 -15.46271 3954.76271 21186.22881 -442.20495 292.20495 -270.21928
-51.35000 -15.46271 3954.76271 22033.67797 -442.22267 292.22267 -225.94629
-51.54831 -15.45763 4519.72881 0.00000 -449.55431 299.55431 -150.00261
-51.54068 -15.45763 4519.72881 847.44915 -448.52257 298.52257 -168.42740
-51.53305 -15.45763 4519.72881 1694.89831 -447.49083 297.49083 -168.10791
-51.52542 -15.45763 4519.72881 2542.34746 -446.45910 296.45910 -166.38497
-51.51780 -15.45763 4519.72881 3389.79661 -445.42736 295.42736 -174.05903
-51.51017 -15.45763 4519.72881 4237.24576 -444.49821 294.49821 -188.54732
-51.50254 -15.45763 4519.72881 5084.69492 -443.77213 293.77213 -212.11383
-51.49492 -15.45763 4519.72881 5932.14407 -443.22241 293.22241 -320.76167
-51.48729 -15.45763 4519.72881 6779.59322 -442.85429 292.85429 -722.63208
-51.47966 -15.45763 4519.72881 7627.04237 -442.68522 292.68522 -703.60909
-51.47203 -15.45763 4519.72881 8474.49153 -442.55969 292.55969 -561.66264
-51.46441 -15.45763 4519.72881 9321.94068 -442.43416 292.43416 -509.45923
-51.45678 -15.45763 4519.72881 10169.38983 -442.30862 292.30862 -380.35631
-51.44915 -15.45763 4519.72881 11016.83898 -442.18309 292.18309 -283.50066
-51.44153 -15.45763 4519.72881 11864.28814 -442.05756 292.05756 -291.18284
-51.43390 -15.45763 4519.72881 12711.73729 -441.93203 291.93203 -296.40475
-51.42627 -15.45763 4519.72881 13559.18644 -441.81881 291.81881 -240.94663
-51.41864 -15.45763 4519.72881 14406.63559 -441.72627 291.72627 -116.45802
-51.41102 -15.45763 4519.72881 15254.08475 -441.65184 291.65184 -130.08820
-51.40339 -15.45763 4519.72881 16101.53390 -441.59631 291.59631 -132.87619
-51.39576 -15.45763 4519.72881 16948.98305 -441.56078 291.56078 -193.35605
-51.38814 -15.45763 4519.72881 17796.43220 -441.52865 291.52865 -256.96724
-51.38051 -15.45763 4519.72881 18643.88136 -441.49653 291.49653 -269.10815
-51.37288 -15.45763 4519.72881 19491.33051 -441.46440 291.46440 -216.71068
-51.36525 -15.45763 4519.72881 20338.77966 -441.43228 291.43228 -218.60596
-51.35763 -15.45763 4519.72881 21186.22881 -441.40015 291.40015 -406.21013
-51.35000 -15.45763 4519.72881 22033.67797 -441.36886 291.36886 -358.07532
-51.54831 -15.45254 5084.69492 0.00000 -448.18246 298.18246 -115.08987
-51.54068 -15.45254 5084.69492 847.44915 -447.24013 297.24013 -135.74144
-51.53305 -15.45254 5084.69492 1694.89831 -446.29781 296.29781 -162.07686
-51.52542 -15.45254 5084.69492 2542.34746 -445.35549 295.35549 -188.92536
-51.51780 -15.45254 5084.69492 3389.79661 -444.41317 294.41317 -214.97802
-51.51017 -15.45254 5084.69492 4237.24576 -443.56125 293.56125 -241.35981
-51.50254 -15.45254 5084.69492 5084.69492 -442.90364 292.90364 -274.27201
-51.49492 -15.45254 5084.69492 5932.14407 -442.41495 292.41495 -336.41682
-51.48729 -15.45254 5084.69492 6779.59322 -442.10030 292.10030 -540.58293
-51.47966 -15.45254 5084.69492 7627.04237 -441.97324 291.97324 -648.83724
-51.47203 -15.45254 5084.69492 8474.49153 -441.88280 291.88280 -786.40244
-51.46441 -15.45254 5084.69492 9321.94068 -441.79237 291.79237 -920.51751
-51.45678 -15.45254 5084.69492 10169.38983 -441.70193 291.70193 -645.15977
-51.44915 -15.45254 5084.69492 11016.83898 -441.61149 291.61149 -422.07016
-51.44153 -15.45254 5084.69492 11864.28814 -441.52105 291.52105 -358.96399
-51.43390 -15.45254 5084.69492 12711.73729 -441.43061 291.43061 -329.65634
-51.42627 -15.45254 5084.69492 13559.18644 -441.34128 291.34128 -316.84631
-51.41864 -15.45254 5084.69492 14406.63559 -441.25397 291.25397 -356.08515
-51.41102 -15.45254 5084.69492 15254.08475 -441.16842 291.16842 -374.31325
-51.40339 -15.45254 5084.69492 16101.53390 -441.08472 291.08472 -277.95664
-51.39576 -15.45254 5084.69492 16948.98305 -441.00292 291.00292 -204.17498
-51.38814 -15.45254 5084.69492 17796.43220 -440.92141 290.92141 -209.78919
-51.38051 -15.45254 5084.69492 18643.88136 -440.83990 290.83990 -263.26045
-51.37288 -15.45254 5084.69492 19491.33051 -440.75839 290.75839 -230.78441
-51.36525 -15.45254 5084.69492 20338.77966 -440.67687 290.67687 -204.64292
-51.35763 -15.45254 5084.69492 21186.22881 -440.59536 290.59536 -249.38904
-51.35000 -15.45254 5084.69492 22033.67797 -440.51403 290.51403 -270.51011
-51.54831 -15.44746 5649.66102 0.00000 -446.81060 296.81060 -79.21821
-51.54068 -15.44746 5649.66102 847.44915 -445.95770 295.95770 -101.86208
-51.53305 -15.44746 5649.66102 1694.89831 -445.10479 295.10479 -151.69620
-51.52542 -15.44746 5649.66102 2542.34746 -444.25188 294.25188 -203.15782
-51.51780 -15.44746 5649.66102 3389.79661 -443.39897 293.39897 -245.02240
-51.51017 -15.44746 5649.66102 4237.24576 -442.61664 292.61664 -284.22761
-51.50254 -15.44746 5649.66102 5084.69492 -442.02351 292.02351 -332.17360
-51.49492 -15.44746 5649.66102 5932.14407 -441.59661 291.59661 -373.35643
-51.48729 -15.44746 5649.66102 6779.59322 -441.34127 291.34127 -442.49756
-51.47966 -15.44746 5649.66102 7627.04237 -441.26126 291.26126 -664.33997
-51.47203 -15.44746 5649.66102 8474.49153 -441.20592 291.20592 -1033.74821
-51.46441 -15.44746 5649.66102 9321.94068 -441.15057 291.15057 -1334.25088
-51.45678 -15.44746 5649.66102 10169.38983 -441.09523 291.09523 -996.74395
-51.44915 -15.44746 5649.66102 11016.83898 -441.03988 291.03988 -724.88901
-51.44153 -15.44746 5649.66102 11864.28814 -440.98454 290.98454 -576.70071
-51.43390 -15.44746 5649.66102 12711.73729 -440.92919 290.92919 -441.02749
-51.42627 -15.44746 5649.66102 13559.18644 -440.86586 290.86586 -387.09420
-51.41864 -15.44746 5649.66102 14406.63559 -440.78462 290.78462 -512.79696
-51.41102 -15.44746 5649.66102 15254.08475 -440.68769 290.68769 -542.76281
-51.40339 -15.44746 5649.66102 16101.53390 -440.57434 290.57434 -405.23666
-51.39576 -15.44746 5649.66102 16948.98305 -440.44506 290.44506 -251.59580
-51.38814 -15.44746 5649.66102 17796.43220 -440.31416 290.31416 -196.14998
-51.38051 -15.44746 5649.66102 18643.88136 -440.18327 290.18327 -243.55322
-51.37288 -15.44746 5649.66102 19491.33051 -440.05237 290.05237 -218.80385
-51.36525 -15.44746 5649.66102 20338.77966 -439.92147 289.92147 -191.60401
-51.35763 -15.44746 5649.66102 21186.22881 -439.79057 289.79057 -124.95047
-51.35000 -15.44746 5649.66102 22033.67797 -439.65967 289.65967 -193.69364
-51.54831 -15.44237 6214.62712 0.00000 -445.43875 295.43875 -62.29148
-51.54068 -15.44237 6214.62712 847.44915 -444.67526 294.67526 -79.36463
-51.53305 -15.44237 6214.62712 1694.89831 -443.91176 293.91176 -135.69284
-51.52542 -15.44237 6214.62712 2542.34746 -443.14827 293.14827 -188.21301
-51.51780 -15.44237 6214.62712 3389.79661 -442.38477 292.38477 -233.32776
-51.51017 -15.44237 6214.62712 4237.24576 -441.66720 291.66720 -287.25318
-51.50254 -15.44237 6214.62712 5084.69492 -441.13404 291.13404 -379.10196
-51.49492 -15.44237 6214.62712 5932.14407 -440.76977 290.76977 -541.22045
-51.48729 -15.44237 6214.62712 6779.59322 -440.58044 290.58044 -823.86594
-51.47966 -15.44237 6214.62712 7627.04237 -440.54928 290.54928 -1065.55377
-51.47203 -15.44237 6214.62712 8474.49153 -440.52903 290.52903 -1375.42532
-51.46441 -15.44237 6214.62712 9321.94068 -440.50878 290.50878 -1706.52072
-51.45678 -15.44237 6214.62712 10169.38983 -440.48853 290.48853 -1659.92094
-51.44915 -15.44237 6214.62712 11016.83898 -440.46828 290.46828 -1574.84704
-51.44153 -15.44237 6214.62712 11864.28814 -440.44803 290.44803 -1275.42848
-51.43390 -15.44237 6214.62712 12711.73729 -440.42778 290.42778 -822.48969
-51.42627 -15.44237 6214.62712 13559.18644 -440.39520 290.39520 -446.43370
-51.41864 -15.44237 6214.62712 14406.63559 -440.32238 290.32238 -388.45845
-51.41102 -15.44237 6214.62712 15254.08475 -440.21333 290.21333 -438.35202
-51.40339 -15.44237 6214.62712 16101.53390 -440.06618 290.06618 -410.33107
-51.39576 -15.44237 6214.62712 16948.98305 -439.88721 289.88721 -354.85741
-51.38814 -15.44237 6214.62712 17796.43220 -439.70692 289.70692 -273.00980
-51.38051 -15.44237 6214.62712 18643.88136 -439.52663 289.52663 -180.07091
-51.37288 -15.44237 6214.62712 19491.33051 -439.34635 289.34635 -134.26294
-51.36525 -15.44237 6214.62712 20338.77966 -439.16606 289.16606 -182.97507
-51.35763 -15.44237 6214.62712 21186.22881 -438.98577 288.98577 -163.78855
-51.35000 -15.44237 6214.62712 22033.67797 -438.80549 288.80549 -206.75977
-51.54831 -15.43729 6779.59322 0.00000 -444.06690 294.06690 -52.40711
-51.54068 -15.43729 6779.59322 847.44915 -443.39282 293.39282 -66.94894
-51.53305 -15.43729 6779.59322 1694.89831 -442.71874 292.71874 -123.12943
-51.52542 -15.43729 6779.59322 2542.34746 -442.04466 292.04466 -172.75715
-51.51780 -15.43729 6779.59322 3389.79661 -441.37058 291.37058 -216.94252
-51.51017 -15.43729 6779.59322 4237.24576 -440.71708 290.71708 -274.42930
-51.50254 -15.43729 6779.59322 5084.69492 -440.23745 290.23745 -376.57373
-51.49492 -15.43729 6779.59322 5932.14407 -439.93702 289.93702 -570.98789
-51.48729 -15.43729 6779.59322 6779.59322 -439.82334 289.82334 -945.62546
-51.47966 -15.43729 6779.59322 7627.04237 -439.83730 289.83730 -1228.66305
-51.47203 -15.43729 6779.59322 8474.49153 -439.85215 289.85215 -1600.60068
-51.46441 -15.43729 6779.59322 9321.94068 -439.86699 289.86699 -2133.28137
-51.45678 -15.43729 6779.59322 10169.38983 -439.88183 289.88183 -2502.20064
-51.44915 -15.43729 6779.59322 11016.83898 -439.89667 289.89667 -2339.26056
-51.44153 -15.43729 6779.59322 11864.28814 -439.91152 289.91152 -1932.09388
-51.43390 -15.43729 6779.59322 12711.73729 -439.92636 289.92636 -1270.36678
-51.42627 -15.43729 6779.59322 13559.18644 -439.93104 289.93104 -626.83752
-51.41864 -15.43729 6779.59322 14406.63559 -439.87162 289.87162 -370.31708
-51.41102 -15.43729 6779.59322 15254.08475 -439.74891 289.74891 -381.47741
-51.40339 -15.43729 6779.59322 16101.53390 -439.55902 289.55902 -395.67247
-51.39576 -15.43729 6779.59322 16948.98305 -439.32935 289.32935 -387.82521
-51.38814 -15.43729 6779.59322 17796.43220 -439.09967 289.09967 -308.29415
-51.38051 -15.43729 6779.59322 18643.88136 -438.87000 288.87000 -178.15268
-51.37288 -15.43729 6779.59322 19491.33051 -438.64033 288.64033 -139.39941
-51.36525 -15.43729 6779.59322 20338.77966 -438.41065 288.41065 -175.52952
-51.35763 -15.43729 6779.59322 21186.22881 -438.18098 288.18098 -153.05669
-51.35000 -15.43729 6779.59322 22033.67797 -437.95131 287.95131 -177.08532
-51.54831 -15.43220 7344.55932 0.00000 -442.70174 292.70174 -52.80981
-51.54068 -15.43220 7344.55932 847.44915 -442.12007 292.12007 -71.09053
-51.53305 -15.43220 7344.55932 1694.89831 -441.52947 291.52947 -115.45837
-51.52542 -15.43220 7344.55932 2542.34746 -440.94105 290.94105 -157.97150
-51.51780 -15.43220 7344.55932 3389.79661 -440.35638 290.35638 -196.06262
-51.51017 -15.43220 7344.55932 4237.24576 -439.77380 289.77380 -240.14642
-51.50254 -15.43220 7344.55932 5084.69492 -439.33611 289.33611 -308.57807
-51.49492 -15.43220 7344.55932 5932.14407 -439.10165 289.10165 -423.28977
-51.48729 -15.43220 7344.55932 6779.59322 -439.07539 289.07539 -720.61708
-51.47966 -15.43220 7344.55932 7627.04237 -439.12533 289.12533 -1065.66343
-51.47203 -15.43220 7344.55932 8474.49153 -439.17529 289.17529 -1672.42394
-51.46441 -15.43220 7344.55932 9321.94068 -439.22877 289.22877 -2631.17624
-51.45678 -15.43220 7344.55932 10169.38983 -439.28024 289.28024 -3590.94937
-51.44915 -15.43220 7344.55932 11016.83898 -439.32695 289.32695 -3004.87022
-51.44153 -15.43220 7344.55932 11864.28814 -439.37501 289.37501 -2525.15927
-51.43390 -15.43220 7344.55932 12711.73729 -439.42494 289.42494 -1786.59040
-51.42627 -15.43220 7344.55932 13559.18644 -439.47210 289.47210 -951.06958
-51.41864 -15.43220 7344.55932 14406.63559 -439.43705 289.43705 -476.17826
-51.41102 -15.43220 7344.55932 15254.08475 -439.29731 289.29731 -378.04578
-51.40339 -15.43220 7344.55932 16101.53390 -439.05055 289.05055 -358.34165
-51.39576 -15.43220 7344.55932 16948.98305 -438.77149 288.77149 -339.91355
-51.38814 -15.43220 7344.55932 17796.43220 -438.49263 288.49263 -296.50208
-51.38051 -15.43220 7344.55932 18643.88136 -438.21869 288.21869 -244.25636
-51.37288 -15.43220 7344.55932 19491.33051 -437.94152 287.94152 -246.43627
-51.36525 -15.43220 7344.55932 20338.77966 -437.65768 287.65768 -169.55237
-51.35763 -15.43220 7344.55932 21186.22881 -437.37619 287.37619 -85.77837
-51.35000 -15.43220 7344.55932 22033.67797 -437.09712 287.09712 -99.23826
-51.54831 -15.42712 7909.52542 0.00000 -441.46352 291.46352 -50.26562
-51.54068 -15.42712 7909.52542 847.44915 -440.96866 290.96866 -61.29009
-51.53305 -15.42712 7909.52542 1694.89831 -440.44247 290.44247 -95.59110
-51.52542 -15.42712 7909.52542 2542.34746 -439.89677 289.89677 -135.64554
-51.51780 -15.42712 7909.52542 3389.79661 -439.35217 289.35217 -167.64949
-51.51017 -15.42712 7909.52542 4237.24576 -438.84694 288.84694 -197.96047
-51.50254 -15.42712 7909.52542 5084.69492 -438.43301 288.43301 -242.27646
-51.49492 -15.42712 7909.52542 5932.14407 -438.26951 288.26951 -291.16141
-51.48729 -15.42712 7909.52542 6779.59322 -438.32832 288.32832 -531.52807
-51.47966 -15.42712 7909.52542 7627.04237 -438.43014 288.43014 -982.68536
-51.47203 -15.42712 7909.52542 8474.49153 -438.54654 288.54654 -1355.27656
-51.46441 -15.42712 7909.52542 9321.94068 -438.65300 288.65300 -1646.48724
-51.45678 -15.42712 7909.52542 10169.38983 -438.74345 288.74345 -2476.59062
-51.44915 -15.42712 7909.52542 11016.83898 -438.81676 288.81676 -2488.88581
-51.44153 -15.42712 7909.52542 11864.28814 -438.87507 288.87507 -2162.86021
-51.43390 -15.42712 7909.52542 12711.73729 -438.92900 288.92900 -1613.51947
-51.42627 -15.42712 7909.52542 13559.18644 -439.00856 289.00856 -1000.42842
-51.41864 -15.42712 7909.52542 14406.63559 -439.02354 289.02354 -529.28936
-51.41102 -15.42712 7909.52542 15254.08475 -438.85806 288.85806 -373.03431
-51.40339 -15.42712 7909.52542 16101.53390 -438.54208 288.54208 -327.66927
-51.39576 -15.42712 7909.52542 16948.98305 -438.23731 288.23731 -301.60809
-51.38814 -15.42712 7909.52542 17796.43220 -437.94969 287.94969 -271.37759
-51.38051 -15.42712 7909.52542 18643.88136 -437.65121 287.65121 -242.99629
-51.37288 -15.42712 7909.52542 19491.33051 -437.33252 287.33252 -244.61881
-51.36525 -15.42712 7909.52542 20338.77966 -436.98960 286.98960 -172.65178
-51.35763 -15.42712 7909.52542 21186.22881 -436.62328 286.62328 -112.54654
-51.35000 -15.42712 7909.52542 22033.67797 -436.24929 286.24929 -111.98267
-51.54831 -15.42203 8474.49153 0.00000 -440.37503 290.37503 -46.07567
-51.54068 -15.42203 8474.49153 847.44915 -439.95070 289.95070 -41.34675
-51.53305 -15.42203 8474.49153 1694.89831 -439.48300 289.48300 -68.64146
-51.52542 -15.42203 8474.49153 2542.34746 -438.98383 288.98383 -108.77940
-51.51780 -15.42203 8474.49153 3389.79661 -438.46628 288.46628 -134.66149
-51.51017 -15.42203 8474.49153 4237.24576 -437.95218 287.95218 -151.37865
-51.50254 -15.42203 8474.49153 5084.69492 -437.53477 287.53477 -176.72543
-51.49492 -15.42203 8474.49153 5932.14407 -437.46112 287.46112 -159.88207
-51.48729 -15.42203 8474.49153 6779.59322 -437.63068 287.63068 -355.20636
-51.47966 -15.42203 8474.49153 7627.04237 -437.82377 287.82377 -898.21784
-51.47203 -15.42203 8474.49153 8474.49153 -437.99829 287.99829 -803.63241
-51.46441 -15.42203 8474.49153 9321.94068 -438.14992 288.14992 80.44245
-51.45678 -15.42203 8474.49153 10169.38983 -438.27808 288.27808 -282.43428
-51.44915 -15.42203 8474.49153 11016.83898 -438.38245 288.38245 -1364.01320
-51.44153 -15.42203 8474.49153 11864.28814 -438.46261 288.46261 -1314.56486
-51.43390 -15.42203 8474.49153 12711.73729 -438.51919 288.51919 -1096.00099
-51.42627 -15.42203 8474.49153 13559.18644 -438.56224 288.56224 -912.86489
-51.41864 -15.42203 8474.49153 14406.63559 -438.63432 288.63432 -540.68005
-51.41102 -15.42203 8474.49153 15254.08475 -438.41145 288.41145 -362.48299
-51.40339 -15.42203 8474.49153 16101.53390 -438.09813 288.09813 -294.99600
-51.39576 -15.42203 8474.49153 16948.98305 -437.81115 287.81115 -264.54282
-51.38814 -15.42203 8474.49153 17796.43220 -437.50771 287.50771 -240.55376
-51.38051 -15.42203 8474.49153 18643.88136 -437.17960 287.17960 -211.79940
-51.37288 -15.42203 8474.49153 19491.33051 -436.82221 286.82221 -202.03327
-51.36525 -15.42203 8474.49153 20338.77966 -436.43114 286.43114 -177.71954
-51.35763 -15.42203 8474.49153 21186.22881 -436.00191 286.00191 -174.05719
-51.35000 -15.42203 8474.49153 22033.67797 -435.53185 285.53185 -160.65487
-51.54831 -15.41695 9039.45763 0.00000 -439.41912 289.41912 -39.79506
-51.54068 -15.41695 9039.45763 847.44915 -439.05134 289.05134 -36.06728
-51.53305 -15.41695 9039.45763 1694.89831 -438.63617 288.63617 -52.58159
-51.52542 -15.41695 9039.45763 2542.34746 -438.18559 288.18559 -77.32943
-51.51780 -15.41695 9039.45763 3389.79661 -437.71037 287.71037 -93.51528
-51.51017 -15.41695 9039.45763 4237.24576 -437.22084 287.22084 -99.96861
-51.50254 -15.41695 9039.45763 5084.69492 -436.72797 286.72797 -92.93068
-51.49492 -15.41695 9039.45763 5932.14407 -436.77376 286.77376 0.32670
-51.48729 -15.41695 9039.45763 6779.59322 -437.05490 287.05490 -28.23513
-51.47966 -15.41695 9039.45763 7627.04237 -437.30242 287.30242 -142.70015
-51.47203 -15.41695 9039.45763 8474.49153 -437.52039 287.52039 429.17447
-51.46441 -15.41695 9039.45763 9321.94068 -437.71126 287.71126 1698.79044
-51.45678 -15.41695 9039.45763 10169.38983 -437.87618 287.87618 1833.93903
-51.44915 -15.41695 9039.45763 11016.83898 -438.01510 288.01510 146.24652
-51.44153 -15.41695 9039.45763 11864.28814 -438.12677 288.12677 -425.41569
-51.43390 -15.41695 9039.45763 12711.73729 -438.20867 288.20867 -581.43196
-51.42627 -15.41695 9039.45763 13559.18644 -438.25667 288.25667 -590.09635
-51.41864 -15.41695 9039.45763 14406.63559 -438.26499 288.26499 -352.88889
-51.41102 -15.41695 9039.45763 15254.08475 -438.06916 288.06916 -251.30448
-51.40339 -15.41695 9039.45763 16101.53390 -437.79081 287.79081 -173.86886
-51.39576 -15.41695 9039.45763 16948.98305 -437.48609 287.48609 -191.48474
-51.38814 -15.41695 9039.45763 17796.43220 -437.15414 287.15414 -221.91548
-51.38051 -15.41695 9039.45763 18643.88136 -436.79302 286.79302 -192.33155
-51.37288 -15.41695 9039.45763 19491.33051 -436.39960 286.39960 -131.90433
-51.36525 -15.41695 9039.45763 20338.77966 -435.96937 285.96937 -131.15726
-51.35763 -15.41695 9039.45763 21186.22881 -435.49610 285.49610 -159.19888
-51.35000 -15.41695 9039.45763 22033.67797 -434.97133 284.97133 -165.21212
-51.54831 -15.41186 9604.42373 0.00000 -438.59008 288.59008 -31.26954
-51.54068 -15.41186 9604.42373 847.44915 -438.26560 288.26560 -29.40094
-51.53305 -15.41186 9604.42373 1694.89831 -437.89703 287.89703 -37.84397
-51.52542 -15.41186 9604.42373 2542.34746 -437.49627 287.49627 -45.29671
-51.51780 -15.41186 9604.42373 3389.79661 -437.07598 287.07598 -51.02130
-51.51017 -15.41186 9604.42373 4237.24576 -436.65585 286.65585 -48.14245
-51.50254 -15.41186 9604.42373 5084.69492 -436.32382 286.32382 -13.16964
-51.49492 -15.41186 9604.42373 5932.14407 -436.33831 286.33831 162.29913
-51.48729 -15.41186 9604.42373 6779.59322 -436.59209 286.59209 311.03688
-51.47966 -15.41186 9604.42373 7627.04237 -436.86109 286.86109 691.67720
-51.47203 -15.41186 9604.42373 8474.49153 -437.10950 287.10950 1648.54749
-51.46441 -15.41186 9604.42373 9321.94068 -437.33425 287.33425 3078.29800
-51.45678 -15.41186 9604.42373 10169.38983 -437.53509 287.53509 3858.28975
-51.44915 -15.41186 9604.42373 11016.83898 -437.71173 287.71173 1546.20685
-51.44153 -15.41186 9604.42373 11864.28814 -437.86362 287.86362 388.93871
-51.43390 -15.41186 9604.42373 12711.73729 -437.99079 287.99079 -112.81493
-51.42627 -15.41186 9604.42373 13559.18644 -438.10067 288.10067 -259.67148
-51.41864 -15.41186 9604.42373 14406.63559 -438.23523 288.23523 -153.54173
-51.41102 -15.41186 9604.42373 15254.08475 -437.97938 287.97938 -134.92840
-51.40339 -15.41186 9604.42373 16101.53390 -437.60939 287.60939 -55.75947
-51.39576 -15.41186 9604.42373 16948.98305 -437.25633 287.25633 -108.51713
-51.38814 -15.41186 9604.42373 17796.43220 -436.88483 286.88483 -180.99305
-51.38051 -15.41186 9604.42373 18643.88136 -436.48785 286.48785 -158.66387
-51.37288 -15.41186 9604.42373 19491.33051 -436.06103 286.06103 -53.02566
-51.36525 -15.41186 9604.42373 20338.77966 -435.59998 285.59998 -76.52050
-51.35763 -15.41186 9604.42373 21186.22881 -435.09987 285.09987 -129.97572
-51.35000 -15.41186 9604.42373 22033.67797 -434.55699 284.55699 -159.25702
-51.54831 -15.40678 10169.38983 0.00000 -437.89249 287.89249 -7.39352
-51.54068 -15.40678 10169.38983 847.44915 -437.59748 287.59748 -4.82970
-51.53305 -15.40678 10169.38983 1694.89831 -437.26953 287.26953 -16.93747
-51.52542 -15.40678 10169.38983 2542.34746 -436.92048 286.92048 -15.95493
-51.51780 -15.40678 10169.38983 3389.79661 -436.56986 286.56986 -11.94742
-51.51017 -15.40678 10169.38983 4237.24576 -436.25930 286.25930 1.36119
-51.50254 -15.40678 10169.38983 5084.69492 -436.03344 286.03344 56.25925
-51.49492 -15.40678 10169.38983 5932.14407 -436.04056 286.04056 252.18171
-51.48729 -15.40678 10169.38983 6779.59322 -436.25052 286.25052 549.97731
-51.47966 -15.40678 10169.38983 7627.04237 -436.50377 286.50377 1179.66858
-51.47203 -15.40678 10169.38983 8474.49153 -436.76829 286.76829 2068.14396
-51.46441 -15.40678 10169.38983 9321.94068 -437.02111 287.02111 2946.52125
-51.45678 -15.40678 10169.38983 10169.38983 -437.25693 287.25693 3231.23245
-51.44915 -15.40678 10169.38983 11016.83898 -437.47474 287.47474 1876.87031
-51.44153 -15.40678 10169.38983 11864.28814 -437.67630 287.67630 796.30342
-51.43390 -15.40678 10169.38983 12711.73729 -437.87087 287.87087 155.38013
-51.42627 -15.40678 10169.38983 13559.18644 -438.09127 288.09127 -100.87068
-51.41864 -15.40678 10169.38983 14406.63559 -438.21019 288.21019 -105.75035
-51.41102 -15.40678 10169.38983 15254.08475 -438.01407 288.01407 -69.39193
-51.40339 -15.40678 10169.38983 16101.53390 -437.56290 287.56290 -24.30977
-51.39576 -15.40678 10169.38983 16948.98305 -437.12651 287.12651 -11.30252
-51.38814 -15.40678 10169.38983 17796.43220 -436.70310 286.70310 -28.10870
-51.38051 -15.40678 10169.38983 18643.88136 -436.26698 286.26698 -39.74324
-51.37288 -15.40678 10169.38983 19491.33051 -435.80944 285.80944 21.54554
-51.36525 -15.40678 10169.38983 20338.77966 -435.32641 285.32641 -16.01328
-51.35763 -15.40678 10169.38983 21186.22881 -434.81801 284.81801 -98.34690
-51.35000 -15.40678 10169.38983 22033.67797 -434.29741 284.29741 -144.76144
-51.54831 -15.40169 10734.35593 0.00000 -437.34209 287.34209 13.32307
-51.54068 -15.40169 10734.35593 847.44915 -437.06061 287.06061 20.27354
-51.53305 -15.40169 10734.35593 1694.89831 -436.76737 286.76737 6.61144
-51.52542 -15.40169 10734.35593 2542.34746 -436.47435 286.47435 14.22686
-51.51780 -15.40169 10734.35593 3389.79661 -436.18929 286.18929 26.67622
-51.51017 -15.40169 10734.35593 4237.24576 -435.90528 285.90528 49.58547
-51.50254 -15.40169 10734.35593 5084.69492 -435.74453 285.74453 113.49926
-51.49492 -15.40169 10734.35593 5932.14407 -435.76514 285.76514 315.56541
-51.48729 -15.40169 10734.35593 6779.59322 -435.97013 285.97013 709.71307
-51.47966 -15.40169 10734.35593 7627.04237 -436.23772 286.23772 1446.60699
-51.47203 -15.40169 10734.35593 8474.49153 -436.50608 286.50608 2190.12147
-51.46441 -15.40169 10734.35593 9321.94068 -436.77944 286.77944 2617.36536
-51.45678 -15.40169 10734.35593 10169.38983 -437.04903 287.04903 2684.52321
-51.44915 -15.40169 10734.35593 11016.83898 -437.31229 287.31229 1878.26418
-51.44153 -15.40169 10734.35593 11864.28814 -437.57567 287.57567 979.42925
-51.43390 -15.40169 10734.35593 12711.73729 -437.84326 287.84326 339.09070
-51.42627 -15.40169 10734.35593 13559.18644 -438.10616 288.10616 31.93743
-51.41864 -15.40169 10734.35593 14406.63559 -438.18306 288.18306 -47.49153
-51.41102 -15.40169 10734.35593 15254.08475 -438.01364 288.01364 -20.91567
-51.40339 -15.40169 10734.35593 16101.53390 -437.59500 287.59500 8.34703
-51.39576 -15.40169 10734.35593 16948.98305 -437.10698 287.10698 60.31802
-51.38814 -15.40169 10734.35593 17796.43220 -436.62048 286.62048 71.27439
-51.38051 -15.40169 10734.35593 18643.88136 -436.14039 286.14039 27.76410
-51.37288 -15.40169 10734.35593 19491.33051 -435.65491 285.65491 48.07785
-51.36525 -15.40169 10734.35593 20338.77966 -435.16056 285.16056 5.02052
-51.35763 -15.40169 10734.35593 21186.22881 -434.66687 284.66687 -60.87559
-51.35000 -15.40169 10734.35593 22033.67797 -434.17885 284.17885 -105.10523
-51.54831 -15.39661 11299.32203 0.00000 -436.92873 286.92873 25.09605
-51.54068 -15.39661 11299.32203 847.44915 -436.65281 286.65281 43.17894
-51.53305 -15.39661 11299.32203 1694.89831 -436.37690 286.37690 35.77066
-51.52542 -15.39661 11299.32203 2542.34746 -436.10098 286.10098 46.82641
-51.51780 -15.39661 11299.32203 3389.79661 -435.82506 285.82506 65.04991
-51.51017 -15.39661 11299.32203 4237.24576 -435.56487 285.56487 95.00615
-51.50254 -15.39661 11299.32203 5084.69492 -435.45102 285.45102 161.88413
-51.49492 -15.39661 11299.32203 5932.14407 -435.49058 285.49058 332.21009
-51.48729 -15.39661 11299.32203 6779.59322 -435.69014 285.69014 712.99270
-51.47966 -15.39661 11299.32203 7627.04237 -435.99483 285.99483 1298.91084
-51.47203 -15.39661 11299.32203 8474.49153 -436.29991 286.29991 1784.81413
-51.46441 -15.39661 11299.32203 9321.94068 -436.60500 286.60500 1969.93339
-51.45678 -15.39661 11299.32203 10169.38983 -436.91009 286.91009 1959.40005
-51.44915 -15.39661 11299.32203 11016.83898 -437.21518 287.21518 1280.90448
-51.44153 -15.39661 11299.32203 11864.28814 -437.52026 287.52026 765.81515
-51.43390 -15.39661 11299.32203 12711.73729 -437.82535 287.82535 381.81223
-51.42627 -15.39661 11299.32203 13559.18644 -438.09929 288.09929 124.96418
-51.41864 -15.39661 11299.32203 14406.63559 -438.15991 288.15991 30.79697
-51.41102 -15.39661 11299.32203 15254.08475 -438.00696 288.00696 -2.38312
-51.40339 -15.39661 11299.32203 16101.53390 -437.62711 287.62711 50.97129
-51.39576 -15.39661 11299.32203 16948.98305 -437.11931 287.11931 84.34019
-51.38814 -15.39661 11299.32203 17796.43220 -436.61151 286.61151 62.39323
-51.38051 -15.39661 11299.32203 18643.88136 -436.10370 286.10370 0.17964
-51.37288 -15.39661 11299.32203 19491.33051 -435.59590 285.59590 -27.27421
-51.36525 -15.39661 11299.32203 20338.77966 -435.08810 285.08810 -41.55962
-51.35763 -15.39661 11299.32203 21186.22881 -434.58029 284.58029 -12.97477
-51.35000 -15.39661 11299.32203 22033.67797 -434.07249 284.07249 -24.23866
-51.54831 -15.39153 11864.28814 0.00000 -436.52793 286.52793 30.24761
-51.54068 -15.39153 11864.28814 847.44915 -436.26116 286.26116 48.38823
-51.53305 -15.39153 11864.28814 1694.89831 -435.99439 285.99439 53.38472
-51.52542 -15.39153 11864.28814 2542.34746 -435.72762 285.72762 73.41083
-51.51780 -15.39153 11864.28814 3389.79661 -435.46084 285.46084 100.22399
-51.51017 -15.39153 11864.28814 4237.24576 -435.23018 285.23018 138.83312
-51.50254 -15.39153 11864.28814 5084.69492 -435.15118 285.15118 209.27892
-51.49492 -15.39153 11864.28814 5932.14407 -435.21192 285.21192 349.51982
-51.48729 -15.39153 11864.28814 6779.59322 -435.41746 285.41746 651.64927
-51.47966 -15.39153 11864.28814 7627.04237 -435.75193 285.75193 1072.63255
-51.47203 -15.39153 11864.28814 8474.49153 -436.09452 286.09452 1377.35169
-51.46441 -15.39153 11864.28814 9321.94068 -436.43710 286.43710 1441.86215
-51.45678 -15.39153 11864.28814 10169.38983 -436.77969 286.77969 1421.97811
-51.44915 -15.39153 11864.28814 11016.83898 -437.12227 287.12227 965.74803
-51.44153 -15.39153 11864.28814 11864.28814 -437.46485 287.46485 648.31935
-51.43390 -15.39153 11864.28814 12711.73729 -437.80744 287.80744 391.32920
-51.42627 -15.39153 11864.28814 13559.18644 -438.08542 288.08542 184.11097
-51.41864 -15.39153 11864.28814 14406.63559 -438.14350 288.14350 80.70531
-51.41102 -15.39153 11864.28814 15254.08475 -438.00286 288.00286 19.46959
-51.40339 -15.39153 11864.28814 16101.53390 -437.65301 287.65301 49.31461
-51.39576 -15.39153 11864.28814 16948.98305 -437.13164 287.13164 59.43167
-51.38814 -15.39153 11864.28814 17796.43220 -436.60406 286.60406 32.30840
-51.38051 -15.39153 11864.28814 18643.88136 -436.07647 286.07647 -13.90904
-51.37288 -15.39153 11864.28814 19491.33051 -435.54889 285.54889 -38.75725
-51.36525 -15.39153 11864.28814 20338.77966 -435.02130 285.02130 -51.42039
-51.35763 -15.39153 11864.28814 21186.22881 -434.49371 284.49371 -29.19200
-51.35000 -15.39153 11864.28814 22033.67797 -433.96613 283.96613 -22.87534
-51.54831 -15.38644 12429.25424 0.00000 -436.12714 286.12714 29.20760
-51.54068 -15.38644 12429.25424 847.44915 -435.86951 285.86951 37.40343
-51.53305 -15.38644 12429.25424 1694.89831 -435.61188 285.61188 60.60192
-51.52542 -15.38644 12429.25424 2542.34746 -435.35425 285.35425 94.29547
-51.51780 -15.38644 12429.25424 3389.79661 -435.09662 285.09662 132.17702
-51.51017 -15.38644 12429.25424 4237.24576 -434.89438 284.89438 181.09499
-51.50254 -15.38644 12429.25424 5084.69492 -434.84392 284.84392 256.13426
-51.49492 -15.38644 12429.25424 5932.14407 -434.92701 284.92701 365.89833
-51.48729 -15.38644 12429.25424 6779.59322 -435.14799 285.14799 537.06346
-51.47966 -15.38644 12429.25424 7627.04237 -435.50904 285.50904 787.27431
-51.47203 -15.38644 12429.25424 8474.49153 -435.88912 285.88912 970.98448
-51.46441 -15.38644 12429.25424 9321.94068 -436.26920 286.26920 1013.19537
-51.45678 -15.38644 12429.25424 10169.38983 -436.64928 286.64928 1042.98719
-51.44915 -15.38644 12429.25424 11016.83898 -437.02936 287.02936 869.24647
-51.44153 -15.38644 12429.25424 11864.28814 -437.40944 287.40944 604.30910
-51.43390 -15.38644 12429.25424 12711.73729 -437.78952 287.78952 374.82819
-51.42627 -15.38644 12429.25424 13559.18644 -438.07320 288.07320 216.84747
-51.41864 -15.38644 12429.25424 14406.63559 -438.13612 288.13612 107.70025
-51.41102 -15.38644 12429.25424 15254.08475 -438.00552 288.00552 42.79030
-51.40339 -15.38644 12429.25424 16101.53390 -437.67228 287.67228 14.26473
-51.39576 -15.38644 12429.25424 16948.98305 -437.14398 287.14398 -0.14908
-51.38814 -15.38644 12429.25424 17796.43220 -436.59661 286.59661 -11.88980
-51.38051 -15.38644 12429.25424 18643.88136 -436.04924 286.04924 -18.49161
-51.37288 -15.38644 12429.25424 19491.33051 -435.50187 285.50187 -4.74290
-51.36525 -15.38644 12429.25424 20338.77966 -434.95450 284.95450 -35.19094
-51.35763 -15.38644 12429.25424 21186.22881 -434.40713 284.40713 -88.78553
-51.35000 -15.38644 12429.25424 22033.67797 -433.85977 283.85977 -76.02384
-51.54831 -15.38136 12994.22034 0.00000 -435.72634 285.72634 30.45134
-51.54068 -15.38136 12994.22034 847.44915 -435.47785 285.47785 41.24174
-51.53305 -15.38136 12994.22034 1694.89831 -435.22937 285.22937 60.08107
-51.52542 -15.38136 12994.22034 2542.34746 -434.98089 284.98089 97.71582
-51.51780 -15.38136 12994.22034 3389.79661 -434.73240 284.73240 142.82881
-51.51017 -15.38136 12994.22034 4237.24576 -434.55425 284.55425 197.05021
-51.50254 -15.38136 12994.22034 5084.69492 -434.52822 284.52822 272.30862
-51.49492 -15.38136 12994.22034 5932.14407 -434.63444 284.63444 369.24654
-51.48729 -15.38136 12994.22034 6779.59322 -434.87695 284.87695 486.22994
-51.47966 -15.38136 12994.22034 7627.04237 -435.26615 285.26615 628.43885
-51.47203 -15.38136 12994.22034 8474.49153 -435.68372 285.68372 731.47369
-51.46441 -15.38136 12994.22034 9321.94068 -436.10130 286.10130 763.62648
-51.45678 -15.38136 12994.22034 10169.38983 -436.51888 286.51888 790.50364
-51.44915 -15.38136 12994.22034 11016.83898 -436.93646 286.93646 723.34560
-51.44153 -15.38136 12994.22034 11864.28814 -437.35403 287.35403 525.47513
-51.43390 -15.38136 12994.22034 12711.73729 -437.77161 287.77161 344.41384
-51.42627 -15.38136 12994.22034 13559.18644 -438.06723 288.06723 220.94888
-51.41864 -15.38136 12994.22034 14406.63559 -438.14000 288.14000 122.69412
-51.41102 -15.38136 12994.22034 15254.08475 -438.01789 288.01789 58.85612
-51.40339 -15.38136 12994.22034 16101.53390 -437.69229 287.69229 16.21962
-51.39576 -15.38136 12994.22034 16948.98305 -437.15631 287.15631 -8.09748
-51.38814 -15.38136 12994.22034 17796.43220 -436.58916 286.58916 -19.53384
-51.38051 -15.38136 12994.22034 18643.88136 -436.02201 286.02201 -20.54367
-51.37288 -15.38136 12994.22034 19491.33051 -435.45486 285.45486 -7.53728
-51.36525 -15.38136 12994.22034 20338.77966 -434.88771 284.88771 -19.73316
-51.35763 -15.38136 12994.22034 21186.22881 -434.32056 284.32056 -68.07022
-51.35000 -15.38136 12994.22034 22033.67797 -433.75346 283.75346 -78.10281
-51.54831 -15.37627 13559.18644 0.00000 -435.32554 285.32554 32.39082
-51.54068 -15.37627 13559.18644 847.44915 -435.08620 285.08620 50.02726
-51.53305 -15.37627 13559.18644 1694.89831 -434.84686 284.84686 57.45645
-51.52542 -15.37627 13559.18644 2542.34746 -434.60752 284.60752 96.25731
-51.51780 -15.37627 13559.18644 3389.79661 -434.36818 284.36818 146.66040
-51.51017 -15.37627 13559.18644 4237.24576 -434.20791 284.20791 203.89319
-51.50254 -15.37627 13559.18644 5084.69492 -434.20298 284.20298 276.34287
-51.49492 -15.37627 13559.18644 5932.14407 -434.33297 284.33297 367.01259
-51.48729 -15.37627 13559.18644 6779.59322 -434.60187 284.60187 459.60786
-51.47966 -15.37627 13559.18644 7627.04237 -435.02325 285.02325 523.46671
-51.47203 -15.37627 13559.18644 8474.49153 -435.47833 285.47833 554.45537
-51.46441 -15.37627 13559.18644 9321.94068 -435.93340 285.93340 567.88999
-51.45678 -15.37627 13559.18644 10169.38983 -436.38848 286.38848 587.92437
-51.44915 -15.37627 13559.18644 11016.83898 -436.84355 286.84355 566.32055
-51.44153 -15.37627 13559.18644 11864.28814 -437.29862 287.29862 436.81847
-51.43390 -15.37627 13559.18644 12711.73729 -437.75369 287.75369 308.82598
-51.42627 -15.37627 13559.18644 13559.18644 -438.07065 288.07065 215.87872
-51.41864 -15.37627 13559.18644 14406.63559 -438.15748 288.15748 131.53386
-51.41102 -15.37627 13559.18644 15254.08475 -438.04253 288.04253 71.65584
-51.40339 -15.37627 13559.18644 16101.53390 -437.71713 287.71713 28.35289
-51.39576 -15.37627 13559.18644 16948.98305 -437.16864 287.16864 0.51905
-51.38814 -15.37627 13559.18644 17796.43220 -436.58171 286.58171 -15.64480
-51.38051 -15.37627 13559.18644 18643.88136 -435.99478 285.99478 -22.10147
-51.37288 -15.37627 13559.18644 19491.33051 -435.40784 285.40784 -16.30398
-51.36525 -15.37627 13559.18644 20338.77966 -434.82091 284.82091 -6.55913
-51.35763 -15.37627 13559.18644 21186.22881 -434.23398 284.23398 -29.43009
-51.35000 -15.37627 13559.18644 22033.67797 -433.64736 283.64736 -64.54600
-51.54831 -15.37119 14124.15254 0.00000 -434.92475 284.92475 34.16767
-51.54068 -15.37119 14124.15254 847.44915 -434.69455 284.69455 55.10601
-51.53305 -15.37119 14124.15254 1694.89831 -434.46435 284.46435 66.73704
-51.52542 -15.37119 14124.15254 2542.34746 -434.23416 284.23416 109.41830
-51.51780 -15.37119 14124.15254 3389.79661 -434.00396 284.00396 157.73480
-51.51017 -15.37119 14124.15254 4237.24576 -433.85406 283.85406 205.43268
-51.50254 -15.37119 14124.15254 5084.69492 -433.86700 283.86700 267.60308
-51.49492 -15.37119 14124.15254 5932.14407 -434.02137 284.02137 365.06674
-51.48729 -15.37119 14124.15254 6779.59322 -434.32141 284.32141 460.07393
-51.47966 -15.37119 14124.15254 7627.04237 -434.78036 284.78036 496.24623
-51.47203 -15.37119 14124.15254 8474.49153 -435.27293 285.27293 464.01075
-51.46441 -15.37119 14124.15254 9321.94068 -435.76550 285.76550 404.12514
-51.45678 -15.37119 14124.15254 10169.38983 -436.25807 286.25807 429.80637
-51.44915 -15.37119 14124.15254 11016.83898 -436.75064 286.75064 436.71455
-51.44153 -15.37119 14124.15254 11864.28814 -437.24321 287.24321 358.24042
-51.43390 -15.37119 14124.15254 12711.73729 -437.73579 287.73579 269.38264
-51.42627 -15.37119 14124.15254 13559.18644 -438.08584 288.08584 197.61393
-51.41864 -15.37119 14124.15254 14406.63559 -438.19109 288.19109 131.05143
-51.41102 -15.37119 14124.15254 15254.08475 -438.08195 288.08195 77.07275
-51.40339 -15.37119 14124.15254 16101.53390 -437.74908 287.74908 37.44573
-51.39576 -15.37119 14124.15254 16948.98305 -437.18098 287.18098 13.66084
-51.38814 -15.37119 14124.15254 17796.43220 -436.57426 286.57426 -6.28427
-51.38051 -15.37119 14124.15254 18643.88136 -435.96754 285.96754 -25.86026
-51.37288 -15.37119 14124.15254 19491.33051 -435.36083 285.36083 -22.79968
-51.36525 -15.37119 14124.15254 20338.77966 -434.75411 284.75411 -15.91682
-51.35763 -15.37119 14124.15254 21186.22881 -434.14740 284.14740 -21.83292
-51.35000 -15.37119 14124.15254 22033.67797 -433.54089 283.54089 -48.12573
-51.54831 -15.36610 14689.11864 0.00000 -434.52395 284.52395 36.44460
-51.54068 -15.36610 14689.11864 847.44915 -434.30290 284.30290 62.25692
-51.53305 -15.36610 14689.11864 1694.89831 -434.08184 284.08184 78.61226
-51.52542 -15.36610 14689.11864 2542.34746 -433.86079 283.86079 124.59324
-51.51780 -15.36610 14689.11864 3389.79661 -433.63974 283.63974 167.98424
-51.51017 -15.36610 14689.11864 4237.24576 -433.49190 283.49190 203.60432
-51.50254 -15.36610 14689.11864 5084.69492 -433.51887 283.51887 252.23237
-51.49492 -15.36610 14689.11864 5932.14407 -433.69836 283.69836 354.62846
-51.48729 -15.36610 14689.11864 6779.59322 -434.03516 284.03516 447.15355
-51.47966 -15.36610 14689.11864 7627.04237 -434.53747 284.53747 467.69442
-51.47203 -15.36610 14689.11864 8474.49153 -435.06753 285.06753 398.02410
-51.46441 -15.36610 14689.11864 9321.94068 -435.59760 285.59760 283.01886
-51.45678 -15.36610 14689.11864 10169.38983 -436.12767 286.12767 294.50296
-51.44915 -15.36610 14689.11864 11016.83898 -436.65774 286.65774 322.28887
-51.44153 -15.36610 14689.11864 11864.28814 -437.18780 287.18780 288.60129
-51.43390 -15.36610 14689.11864 12711.73729 -437.71787 287.71787 233.72999
-51.42627 -15.36610 14689.11864 13559.18644 -438.11466 288.11466 180.32926
-51.41864 -15.36610 14689.11864 14406.63559 -438.24367 288.24367 129.22084
-51.41102 -15.36610 14689.11864 15254.08475 -438.13864 288.13864 81.09166
-51.40339 -15.36610 14689.11864 16101.53390 -437.78894 287.78894 45.58093
-51.39576 -15.36610 14689.11864 16948.98305 -437.19331 287.19331 24.92876
-51.38814 -15.36610 14689.11864 17796.43220 -436.56681 286.56681 2.33084
-51.38051 -15.36610 14689.11864 18643.88136 -435.94031 285.94031 -26.75205
-51.37288 -15.36610 14689.11864 19491.33051 -435.31381 285.31381 -28.27677
-51.36525 -15.36610 14689.11864 20338.77966 -434.68732 284.68732 -25.22411
-51.35763 -15.36610 14689.11864 21186.22881 -434.06082 284.06082 -21.61504
-51.35000 -15.36610 14689.11864 22033.67797 -433.43432 283.43432 -36.94875
-51.54831 -15.36102 15254.08475 0.00000 -434.12315 284.12315 41.79175
-51.54068 -15.36102 15254.08475 847.44915 -433.91124 283.91124 74.55389
-51.53305 -15.36102 15254.08475 1694.89831 -433.69934 283.69934 95.87734
-51.52542 -15.36102 15254.08475 2542.34746 -433.48743 283.48743 139.29604
-51.51780 -15.36102 15254.08475 3389.79661 -433.27552 283.27552 171.82349
-51.51017 -15.36102 15254.08475 4237.24576 -433.12128 283.12128 190.64498
-51.50254 -15.36102 15254.08475 5084.69492 -433.15699 283.15699 223.47966
-51.49492 -15.36102 15254.08475 5932.14407 -433.36261 283.36261 308.74818
-51.48729 -15.36102 15254.08475 6779.59322 -433.74394 283.74394 377.67997
-51.47966 -15.36102 15254.08475 7627.04237 -434.29457 284.29457 401.43016
-51.47203 -15.36102 15254.08475 8474.49153 -434.86214 284.86214 375.13863
-51.46441 -15.36102 15254.08475 9321.94068 -435.42970 285.42970 309.33262
-51.45678 -15.36102 15254.08475 10169.38983 -435.99727 285.99727 233.76506
-51.44915 -15.36102 15254.08475 11016.83898 -436.56483 286.56483 254.23492
-51.44153 -15.36102 15254.08475 11864.28814 -437.13240 287.13240 243.03320
-51.43390 -15.36102 15254.08475 12711.73729 -437.69996 287.69996 210.41216
-51.42627 -15.36102 15254.08475 13559.18644 -438.15807 288.15807 169.95521
-51.41864 -15.36102 15254.08475 14406.63559 -438.31838 288.31838 126.80428
-51.41102 -15.36102 15254.08475 15254.08475 -438.21512 288.21512 83.39834
-51.40339 -15.36102 15254.08475 16101.53390 -437.83520 287.83520 51.78132
-51.39576 -15.36102 15254.08475 16948.98305 -437.20564 287.20564 29.27220
-51.38814 -15.36102 15254.08475 17796.43220 -436.55936 286.55936 6.59030
-51.38051 -15.36102 15254.08475 18643.88136 -435.91308 285.91308 -18.57015
-51.37288 -15.36102 15254.08475 19491.33051 -435.26680 285.26680 -29.33493
-51.36525 -15.36102 15254.08475 20338.77966 -434.62052 284.62052 -30.03228
-51.35763 -15.36102 15254.08475 21186.22881 -433.97424 283.97424 -32.32912
-51.35000 -15.36102 15254.08475 22033.67797 -433.32796 283.32796 -39.87485
-51.54831 -15.35593 15819.05085 0.00000 -433.72236 283.72236 50.80765
-51.54068 -15.35593 15819.05085 847.44915 -433.51959 283.51959 80.81503
-51.53305 -15.35593 15819.05085 1694.89831 -433.31683 283.31683 103.19470
-51.52542 -15.35593 15819.05085 2542.34746 -433.11406 283.11406 144.98217
-51.51780 -15.35593 15819.05085 3389.79661 -432.91130 282.91130 169.98319
-51.51017 -15.35593 15819.05085 4237.24576 -432.74350 282.74350 176.40522
-51.50254 -15.35593 15819.05085 5084.69492 -432.77953 282.77953 196.02678
-51.49492 -15.35593 15819.05085 5932.14407 -433.01287 283.01287 269.29813
-51.48729 -15.35593 15819.05085 6779.59322 -433.45123 283.45123 317.78014
-51.47966 -15.35593 15819.05085 7627.04237 -434.05168 284.05168 342.35906
-51.47203 -15.35593 15819.05085 8474.49153 -434.65674 284.65674 346.34151
-51.46441 -15.35593 15819.05085 9321.94068 -435.26180 285.26180 318.26943
-51.45678 -15.35593 15819.05085 10169.38983 -435.86686 285.86686 214.85232
-51.44915 -15.35593 15819.05085 11016.83898 -436.47192 286.47192 204.82990
-51.44153 -15.35593 15819.05085 11864.28814 -437.07699 287.07699 198.70531
-51.43390 -15.35593 15819.05085 12711.73729 -437.68205 287.68205 180.70230
-51.42627 -15.35593 15819.05085 13559.18644 -438.21507 288.21507 151.50855
-51.41864 -15.35593 15819.05085 14406.63559 -438.41886 288.41886 118.18009
-51.41102 -15.35593 15819.05085 15254.08475 -438.31358 288.31358 83.73179
-51.40339 -15.35593 15819.05085 16101.53390 -437.88162 287.88162 57.10591
-51.39576 -15.35593 15819.05085 16948.98305 -437.21798 287.21798 34.90910
-51.38814 -15.35593 15819.05085 17796.43220 -436.55191 286.55191 14.08134
-51.38051 -15.35593 15819.05085 18643.88136 -435.88585 285.88585 -6.65248
-51.37288 -15.35593 15819.05085 19491.33051 -435.21978 285.21978 -24.27454
-51.36525 -15.35593 15819.05085 20338.77966 -434.55372 284.55372 -30.39407
-51.35763 -15.35593 15819.05085 21186.22881 -433.88766 283.88766 -35.28384
-51.35000 -15.35593 15819.05085 22033.67797 -433.22159 283.22159 -39.87176
-51.54831 -15.35085 16384.01695 0.00000 -433.32156 283.32156 65.33570
-51.54068 -15.35085 16384.01695 847.44915 -433.12794 283.12794 77.47931
-51.53305 -15.35085 16384.01695 1694.89831 -432.93432 282.93432 96.01327
-51.52542 -15.35085 16384.01695 2542.34746 -432.74070 282.74070 137.53534
-51.51780 -15.35085 16384.01695 3389.79661 -432.54708 282.54708 160.38003
-51.51017 -15.35085 16384.01695 4237.24576 -432.36371 282.36371 160.85068
-51.50254 -15.35085 16384.01695 5084.69492 -432.38449 282.38449 172.83482
-51.49492 -15.35085 16384.01695 5932.14407 -432.64844 282.64844 238.34222
-51.48729 -15.35085 16384.01695 6779.59322 -433.16623 283.16623 271.73097
-51.47966 -15.35085 16384.01695 7627.04237 -433.80878 283.80878 294.51590
-51.47203 -15.35085 16384.01695 8474.49153 -434.45134 284.45134 309.67938
-51.46441 -15.35085 16384.01695 9321.94068 -435.09390 285.09390 306.33800
-51.45678 -15.35085 16384.01695 10169.38983 -435.73646 285.73646 250.97449
-51.44915 -15.35085 16384.01695 11016.83898 -436.37902 286.37902 179.00054
-51.44153 -15.35085 16384.01695 11864.28814 -437.02158 287.02158 155.71410
-51.43390 -15.35085 16384.01695 12711.73729 -437.66413 287.66413 142.75667
-51.42627 -15.35085 16384.01695 13559.18644 -438.27928 288.27928 122.98350
-51.41864 -15.35085 16384.01695 14406.63559 -438.54918 288.54918 101.95268
-51.41102 -15.35085 16384.01695 15254.08475 -438.43494 288.43494 81.88190
-51.40339 -15.35085 16384.01695 16101.53390 -437.91615 287.91615 61.46930
-51.39576 -15.35085 16384.01695 16948.98305 -437.23031 287.23031 42.18301
-51.38814 -15.35085 16384.01695 17796.43220 -436.54446 286.54446 25.40426
-51.38051 -15.35085 16384.01695 18643.88136 -435.85862 285.85862 9.57180
-51.37288 -15.35085 16384.01695 19491.33051 -435.17277 285.17277 -12.02908
-51.36525 -15.35085 16384.01695 20338.77966 -434.48692 284.48692 -25.65426
-51.35763 -15.35085 16384.01695 21186.22881 -433.80108 283.80108 -29.69077
-51.35000 -15.35085 16384.01695 22033.67797 -433.11523 283.11523 -36.66578
-51.54831 -15.34576 16948.98305 0.00000 -432.92646 282.92646 64.80780
-51.54068 -15.34576 16948.98305 847.44915 -432.74260 282.74260 76.12329
-51.53305 -15.34576 16948.98305 1694.89831 -432.55659 282.55659 83.99021
-51.52542 -15.34576 16948.98305 2542.34746 -432.36921 282.36921 121.92005
-51.51780 -15.34576 16948.98305 3389.79661 -432.18286 282.18286 150.68826
-51.51017 -15.34576 16948.98305 4237.24576 -431.99838 281.99838 157.93348
-51.50254 -15.34576 16948.98305 5084.69492 -431.97005 281.97005 163.31210
-51.49492 -15.34576 16948.98305 5932.14407 -432.27108 282.27108 205.50267
-51.48729 -15.34576 16948.98305 6779.59322 -432.88584 282.88584 235.84641
-51.47966 -15.34576 16948.98305 7627.04237 -433.56527 283.56527 255.52621
-51.47203 -15.34576 16948.98305 8474.49153 -434.23367 284.23367 267.88873
-51.46441 -15.34576 16948.98305 9321.94068 -434.89624 284.89624 269.56106
-51.45678 -15.34576 16948.98305 10169.38983 -435.56471 285.56471 238.82520
-51.44915 -15.34576 16948.98305 11016.83898 -436.24846 286.24846 163.67931
-51.44153 -15.34576 16948.98305 11864.28814 -436.94991 286.94991 129.17429
-51.43390 -15.34576 16948.98305 12711.73729 -437.64622 287.64622 116.55920
-51.42627 -15.34576 16948.98305 13559.18644 -438.32628 288.32628 107.34237
-51.41864 -15.34576 16948.98305 14406.63559 -438.71365 288.71365 92.69890
-51.41102 -15.34576 16948.98305 15254.08475 -438.57492 288.57492 75.41138
-51.40339 -15.34576 16948.98305 16101.53390 -437.94827 287.94827 55.18474
-51.39576 -15.34576 16948.98305 16948.98305 -437.23825 287.23825 37.09259
-51.38814 -15.34576 16948.98305 17796.43220 -436.50174 286.50174 24.27194
-51.38051 -15.34576 16948.98305 18643.88136 -435.77519 285.77519 15.12985
-51.37288 -15.34576 16948.98305 19491.33051 -435.06991 285.06991 -0.76792
-51.36525 -15.34576 16948.98305 20338.77966 -434.38266 284.38266 -17.22119
-51.35763 -15.34576 16948.98305 21186.22881 -433.70298 283.70298 -23.93756
-51.35000 -15.34576 16948.98305 22033.67797 -433.00887 283.00887 -29.83378
-51.54831 -15.34068 17513.94915 0.00000 -432.54475 282.54475 54.79804
-51.54068 -15.34068 17513.94915 847.44915 -432.36990 282.36990 76.79957
-51.53305 -15.34068 17513.94915 1694.89831 -432.19147 282.19147 69.34296
-51.52542 -15.34068 17513.94915 2542.34746 -432.00996 282.00996 101.68788
-51.51780 -15.34068 17513.94915 3389.79661 -431.82626 281.82626 140.19681
-51.51017 -15.34068 17513.94915 4237.24576 -431.64357 281.64357 161.52823
-51.50254 -15.34068 17513.94915 5084.69492 -431.53694 281.53694 159.86278
-51.49492 -15.34068 17513.94915 5932.14407 -431.89510 281.89510 172.26649
-51.48729 -15.34068 17513.94915 6779.59322 -432.60216 282.60216 205.51294
-51.47966 -15.34068 17513.94915 7627.04237 -433.29181 283.29181 221.78134
-51.47203 -15.34068 17513.94915 8474.49153 -433.96294 283.96294 224.30632
-51.46441 -15.34068 17513.94915 9321.94068 -434.63066 284.63066 220.17335
-51.45678 -15.34068 17513.94915 10169.38983 -435.30976 285.30976 203.65507
-51.44915 -15.34068 17513.94915 11016.83898 -436.01446 286.01446 152.65633
-51.44153 -15.34068 17513.94915 11864.28814 -436.75778 286.75778 110.70593
-51.43390 -15.34068 17513.94915 12711.73729 -437.54650 287.54650 96.10710
-51.42627 -15.34068 17513.94915 13559.18644 -438.34491 288.34491 97.58463
-51.41864 -15.34068 17513.94915 14406.63559 -438.91466 288.91466 87.04549
-51.41102 -15.34068 17513.94915 15254.08475 -438.70295 288.70295 66.81321
-51.40339 -15.34068 17513.94915 16101.53390 -437.94331 287.94331 44.38533
-51.39576 -15.34068 17513.94915 16948.98305 -437.11508 287.11508 27.32244
-51.38814 -15.34068 17513.94915 17796.43220 -436.31983 286.31983 18.33123
-51.38051 -15.34068 17513.94915 18643.88136 -435.56844 285.56844 15.98234
-51.37288 -15.34068 17513.94915 19491.33051 -434.85555 284.85555 10.26861
-51.36525 -15.34068 17513.94915 20338.77966 -434.17284 284.17284 -7.48733
-51.35763 -15.34068 17513.94915 21186.22881 -433.51071 283.51071 -18.65998
-51.35000 -15.34068 17513.94915 22033.67797 -432.85616 282.85616 -21.98758
-51.54831 -15.33559 18078.91525 0.00000 -432.17468 282.17468 33.53008
-51.54068 -15.33559 18078.91525 847.44915 -432.00813 282.00813 52.92300
-51.53305 -15.33559 18078.91525 1694.89831 -431.83738 281.83738 58.10409
-51.52542 -15.33559 18078.91525 2542.34746 -431.66278 281.66278 82.87654
-51.51780 -15.33559 18078.91525 3389.79661 -431.48460 281.48460 116.99342
-51.51017 -15.33559 18078.91525 4237.24576 -431.30314 281.30314 142.01879
-51.50254 -15.33559 18078.91525 5084.69492 -431.12205 281.12205 142.74400
-51.49492 -15.33559 18078.91525 5932.14407 -431.56973 281.56973 155.40137
-51.48729 -15.33559 18078.91525 6779.59322 -432.29305 282.29305 179.82941
-51.47966 -15.33559 18078.91525 7627.04237 -432.97798 282.97798 195.47212
-51.47203 -15.33559 18078.91525 8474.49153 -433.64326 283.64326 196.91948
-51.46441 -15.33559 18078.91525 9321.94068 -434.30611 284.30611 185.35356
-51.45678 -15.33559 18078.91525 10169.38983 -434.98277 284.98277 168.58932
-51.44915 -15.33559 18078.91525 11016.83898 -435.68965 285.68965 134.21168
-51.44153 -15.33559 18078.91525 11864.28814 -436.44442 286.44442 93.85934
-51.43390 -15.33559 18078.91525 12711.73729 -437.26685 287.26685 77.96845
-51.42627 -15.33559 18078.91525 13559.18644 -438.17729 288.17729 81.45949
-51.41864 -15.33559 18078.91525 14406.63559 -439.11925 289.11925 74.26438
-51.41102 -15.33559 18078.91525 15254.08475 -438.68022 288.68022 57.90727
-51.40339 -15.33559 18078.91525 16101.53390 -437.71378 287.71378 43.67671
-51.39576 -15.33559 18078.91525 16948.98305 -436.82593 286.82593 31.89435
-51.38814 -15.33559 18078.91525 17796.43220 -436.01100 286.01100 23.08920
-51.38051 -15.33559 18078.91525 18643.88136 -435.25474 285.25474 16.90637
-51.37288 -15.33559 18078.91525 19491.33051 -434.54466 284.54466 10.66029
-51.36525 -15.33559 18078.91525 20338.77966 -433.87019 283.87019 -4.36589
-51.35763 -15.33559 18078.91525 21186.22881 -433.22203 283.22203 -19.85626
-51.35000 -15.33559 18078.91525 22033.67797 -432.59139 282.59139 -21.83562
-51.54831 -15.33051 18643.88136 0.00000 -431.81541 281.81541 15.55792
-51.54068 -15.33051 18643.88136 847.44915 -431.65654 281.65654 29.50537
-51.53305 -15.33051 18643.88136 1694.89831 -431.49350 281.49350 46.51033
-51.52542 -15.33051 18643.88136 2542.34746 -431.32666 281.32666 62.75780
-51.51780 -15.33051 18643.88136 3389.79661 -431.15629 281.15629 91.35507
-51.51017 -15.33051 18643.88136 4237.24576 -430.98285 280.98285 119.84822
-51.50254 -15.33051 18643.88136 5084.69492 -430.81176 280.81176 124.04409
-51.49492 -15.33051 18643.88136 5932.14407 -431.24925 281.24925 141.41771
-51.48729 -15.33051 18643.88136 6779.59322 -431.95735 281.95735 156.67945
-51.47966 -15.33051 18643.88136 7627.04237 -432.62772 282.62772 171.51814
-51.47203 -15.33051 18643.88136 8474.49153 -433.27850 283.27850 173.06055
-51.46441 -15.33051 18643.88136 9321.94068 -433.92680 283.92680 154.62587
-51.45678 -15.33051 18643.88136 10169.38983 -434.58879 284.58879 137.57460
-51.44915 -15.33051 18643.88136 11016.83898 -435.28077 285.28077 114.42198
-51.44153 -15.33051 18643.88136 11864.28814 -436.02017 286.02017 78.01484
-51.43390 -15.33051 18643.88136 12711.73729 -436.82613 286.82613 61.56387
-51.42627 -15.33051 18643.88136 13559.18644 -437.71629 287.71629 64.51675
-51.41864 -15.33051 18643.88136 14406.63559 -438.59984 288.59984 61.40150
-51.41102 -15.33051 18643.88136 15254.08475 -438.20007 288.20007 49.21313
-51.40339 -15.33051 18643.88136 16101.53390 -437.25905 287.25905 44.11076
-51.39576 -15.33051 18643.88136 16948.98305 -436.38665 286.38665 37.98407
-51.38814 -15.33051 18643.88136 17796.43220 -435.58520 285.58520 29.23901
-51.38051 -15.33051 18643.88136 18643.88136 -434.84169 284.84169 18.88626
-51.37288 -15.33051 18643.88136 19491.33051 -434.14398 284.14398 12.27212
-51.36525 -15.33051 18643.88136 20338.77966 -433.48160 283.48160 -1.93807
-51.35763 -15.33051 18643.88136 21186.22881 -432.84525 282.84525 -20.31706
-51.35000 -15.33051 18643.88136 22033.67797 -432.22593 282.22593 -22.23983
-51.54831 -15.32542 19208.84746 0.00000 -431.46699 281.46699 60.27674
-51.54068 -15.32542 19208.84746 847.44915 -431.31517 281.31517 47.25551
-51.53305 -15.32542 19208.84746 1694.89831 -431.15988 281.15988 26.66873
-51.52542 -15.32542 19208.84746 2542.34746 -431.00164 281.00164 32.67255
-51.51780 -15.32542 19208.84746 3389.79661 -430.84142 280.84142 68.35987
-51.51017 -15.32542 19208.84746 4237.24576 -430.68295 280.68295 110.08580
-51.50254 -15.32542 19208.84746 5084.69492 -430.60256 280.60256 121.31996
-51.49492 -15.32542 19208.84746 5932.14407 -430.93714 280.93714 132.76236
-51.48729 -15.32542 19208.84746 6779.59322 -431.59483 281.59483 142.63161
-51.47966 -15.32542 19208.84746 7627.04237 -432.24081 282.24081 151.09529
-51.47203 -15.32542 19208.84746 8474.49153 -432.86845 282.86845 150.88976
-51.46441 -15.32542 19208.84746 9321.94068 -433.49250 283.49250 137.81418
-51.45678 -15.32542 19208.84746 10169.38983 -434.12753 284.12753 119.87929
-51.44915 -15.32542 19208.84746 11016.83898 -434.78742 284.78742 93.59943
-51.44153 -15.32542 19208.84746 11864.28814 -435.48445 285.48445 65.26696
-51.43390 -15.32542 19208.84746 12711.73729 -436.22325 286.22325 50.59164
-51.42627 -15.32542 19208.84746 13559.18644 -436.95865 286.95865 48.92382
-51.41864 -15.32542 19208.84746 14406.63559 -437.47408 287.47408 47.20309
-51.41102 -15.32542 19208.84746 15254.08475 -437.28167 287.28167 42.99112
-51.40339 -15.32542 19208.84746 16101.53390 -436.57719 286.57719 41.91908
-51.39576 -15.32542 19208.84746 16948.98305 -435.79636 285.79636 38.36989
-51.38814 -15.32542 19208.84746 17796.43220 -435.04188 285.04188 32.78759
-51.38051 -15.32542 19208.84746 18643.88136 -434.32887 284.32887 26.76121
-51.37288 -15.32542 19208.84746 19491.33051 -433.65313 283.65313 19.69352
-51.36525 -15.32542 19208.84746 20338.77966 -433.00669 283.00669 1.48814
-51.35763 -15.32542 19208.84746 21186.22881 -432.37991 282.37991 -12.63703
-51.35000 -15.32542 19208.84746 22033.67797 -431.75908 281.75908 -18.67139
-51.54831 -15.32034 19773.81356 0.00000 -431.13036 281.13036 94.42090
-51.54068 -15.32034 19773.81356 847.44915 -430.98487 280.98487 68.07654
-51.53305 -15.32034 19773.81356 1694.89831 -430.83744 280.83744 22.49916
-51.52542 -15.32034 19773.81356 2542.34746 -430.68886 280.68886 21.93010
-51.51780 -15.32034 19773.81356 3389.79661 -430.54160 280.54160 57.34784
-51.51017 -15.32034 19773.81356 4237.24576 -430.39553 280.39553 100.01328
-51.50254 -15.32034 19773.81356 5084.69492 -430.39178 280.39178 114.96152
-51.49492 -15.32034 19773.81356 5932.14407 -430.66584 280.66584 124.27450
-51.48729 -15.32034 19773.81356 6779.59322 -431.20836 281.20836 129.92191
-51.47966 -15.32034 19773.81356 7627.04237 -431.81283 281.81283 133.44635
-51.47203 -15.32034 19773.81356 8474.49153 -432.40873 282.40873 132.81753
-51.46441 -15.32034 19773.81356 9321.94068 -432.99846 282.99846 125.31020
-51.45678 -15.32034 19773.81356 10169.38983 -433.59332 283.59332 108.54873
-51.44915 -15.32034 19773.81356 11016.83898 -434.20207 284.20207 81.37591
-51.44153 -15.32034 19773.81356 11864.28814 -434.82563 284.82563 57.97255
-51.43390 -15.32034 19773.81356 12711.73729 -435.44020 285.44020 43.68546
-51.42627 -15.32034 19773.81356 13559.18644 -436.04452 286.04452 38.65958
-51.41864 -15.32034 19773.81356 14406.63559 -436.37429 286.37429 38.18263
-51.41102 -15.32034 19773.81356 15254.08475 -436.24512 286.24512 38.03566
-51.40339 -15.32034 19773.81356 16101.53390 -435.68134 285.68134 38.32592
-51.39576 -15.32034 19773.81356 16948.98305 -435.03720 285.03720 36.85009
-51.38814 -15.32034 19773.81356 17796.43220 -434.36986 284.36986 34.46474
-51.38051 -15.32034 19773.81356 18643.88136 -433.70774 283.70774 31.63877
-51.37288 -15.32034 19773.81356 19491.33051 -433.06454 283.06454 26.02435
-51.36525 -15.32034 19773.81356 20338.77966 -432.43771 282.43771 7.32364
-51.35763 -15.32034 19773.81356 21186.22881 -431.81665 281.81665 -2.27199
-51.35000 -15.32034 19773.81356 22033.67797 -431.18055 281.18055 -10.63757
-51.54831 -15.31525 20338.77966 0.00000 -430.80709 280.80709 97.88198
-51.54068 -15.31525 20338.77966 847.44915 -430.66730 280.66730 94.38993
-51.53305 -15.31525 20338.77966 1694.89831 -430.52751 280.52751 58.23427
-51.52542 -15.31525 20338.77966 2542.34746 -430.38772 280.38772 57.20393
-51.51780 -15.31525 20338.77966 3389.79661 -430.24793 280.24793 72.32861
-51.51017 -15.31525 20338.77966 4237.24576 -430.11814 280.11814 87.84401
-51.50254 -15.31525 20338.77966 5084.69492 -430.15550 280.15550 100.78245
-51.49492 -15.31525 20338.77966 5932.14407 -430.38650 280.38650 115.94589
-51.48729 -15.31525 20338.77966 6779.59322 -430.81988 280.81988 118.76442
-51.47966 -15.31525 20338.77966 7627.04237 -431.35875 281.35875 120.85671
-51.47203 -15.31525 20338.77966 8474.49153 -431.89762 281.89762 122.88166
-51.46441 -15.31525 20338.77966 9321.94068 -432.43649 282.43649 121.08154
-51.45678 -15.31525 20338.77966 10169.38983 -432.97536 282.97536 108.95912
-51.44915 -15.31525 20338.77966 11016.83898 -433.51423 283.51423 87.00240
-51.44153 -15.31525 20338.77966 11864.28814 -434.05310 284.05310 61.04134
-51.43390 -15.31525 20338.77966 12711.73729 -434.59198 284.59198 43.76476
-51.42627 -15.31525 20338.77966 13559.18644 -435.10388 285.10388 38.36864
-51.41864 -15.31525 20338.77966 14406.63559 -435.31872 285.31872 38.47027
-51.41102 -15.31525 20338.77966 15254.08475 -435.21059 285.21059 35.61953
-51.40339 -15.31525 20338.77966 16101.53390 -434.76111 284.76111 32.33714
-51.39576 -15.31525 20338.77966 16948.98305 -434.16175 284.16175 32.43335
-51.38814 -15.31525 20338.77966 17796.43220 -433.56238 283.56238 32.97392
-51.38051 -15.31525 20338.77966 18643.88136 -432.96302 282.96302 31.19009
-51.37288 -15.31525 20338.77966 19491.33051 -432.36365 282.36365 29.28141
-51.36525 -15.31525 20338.77966 20338.77966 -431.76429 281.76429 17.29645
-51.35763 -15.31525 20338.77966 21186.22881 -431.16492 281.16492 11.94383
-51.35000 -15.31525 20338.77966 22033.67797 -430.56556 280.56556 4.45194
-51.54831 -15.31017 20903.74576 0.00000 -430.48832 280.48832 94.83591
-51.54068 -15.31017 20903.74576 847.44915 -430.35481 280.35481 106.92540
-51.53305 -15.31017 20903.74576 1694.89831 -430.22129 280.22129 80.79585
-51.52542 -15.31017 20903.74576 2542.34746 -430.08778 280.08778 72.26099
-51.51780 -15.31017 20903.74576 3389.79661 -429.95427 279.95427 69.55180
-51.51017 -15.31017 20903.74576 4237.24576 -429.84871 279.84871 69.08006
-51.50254 -15.31017 20903.74576 5084.69492 -429.89600 279.89600 79.07550
-51.49492 -15.31017 20903.74576 5932.14407 -430.08974 280.08974 103.14647
-51.48729 -15.31017 20903.74576 6779.59322 -430.43557 280.43557 108.03385
-51.47966 -15.31017 20903.74576 7627.04237 -430.90459 280.90459 110.95122
-51.47203 -15.31017 20903.74576 8474.49153 -431.37778 281.37778 114.24145
-51.46441 -15.31017 20903.74576 9321.94068 -431.85098 281.85098 114.03842
-51.45678 -15.31017 20903.74576 10169.38983 -432.32417 282.32417 102.95451
-51.44915 -15.31017 20903.74576 11016.83898 -432.79736 282.79736 89.58567
-51.44153 -15.31017 20903.74576 11864.28814 -433.27056 283.27056 63.36541
-51.43390 -15.31017 20903.74576 12711.73729 -433.74375 283.74375 43.45941
-51.42627 -15.31017 20903.74576 13559.18644 -434.15544 284.15544 37.50926
-51.41864 -15.31017 20903.74576 14406.63559 -434.30159 284.30159 38.86712
-51.41102 -15.31017 20903.74576 15254.08475 -434.20047 284.20047 29.08112
-51.40339 -15.31017 20903.74576 16101.53390 -433.83819 283.83819 26.04133
-51.39576 -15.31017 20903.74576 16948.98305 -433.28513 283.28513 28.80403
-51.38814 -15.31017 20903.74576 17796.43220 -432.72937 282.72937 32.00790
-51.38051 -15.31017 20903.74576 18643.88136 -432.17360 282.17360 31.78053
-51.37288 -15.31017 20903.74576 19491.33051 -431.61784 281.61784 30.48156
-51.36525 -15.31017 20903.74576 20338.77966 -431.06208 281.06208 24.02508
-51.35763 -15.31017 20903.74576 21186.22881 -430.50632 280.50632 19.45073
-51.35000 -15.31017 20903.74576 22033.67797 -429.95056 279.95056 10.49825
-51.54831 -15.30508 21468.71186 0.00000 -430.16955 280.16955 85.66580
-51.54068 -15.30508 21468.71186 847.44915 -430.04231 280.04231 107.28678
-51.53305 -15.30508 21468.71186 1694.89831 -429.91508 279.91508 90.94195
-51.52542 -15.30508 21468.71186 2542.34746 -429.78784 279.78784 67.81849
-51.51780 -15.30508 21468.71186 3389.79661 -429.66060 279.66060 50.70273
-51.51017 -15.30508 21468.71186 4237.24576 -429.57407 279.57407 44.66108
-51.50254 -15.30508 21468.71186 5084.69492 -429.61738 279.61738 50.03875
-51.49492 -15.30508 21468.71186 5932.14407 -429.77646 279.77646 86.55389
-51.48729 -15.30508 21468.71186 6779.59322 -430.05522 280.05522 97.61247
-51.47966 -15.30508 21468.71186 7627.04237 -430.45043 280.45043 103.26920
-51.47203 -15.30508 21468.71186 8474.49153 -430.85795 280.85795 106.69115
-51.46441 -15.30508 21468.71186 9321.94068 -431.26546 281.26546 104.79656
-51.45678 -15.30508 21468.71186 10169.38983 -431.67298 281.67298 91.54876
-51.44915 -15.30508 21468.71186 11016.83898 -432.08050 282.08050 89.52842
-51.44153 -15.30508 21468.71186 11864.28814 -432.48801 282.48801 64.79398
-51.43390 -15.30508 21468.71186 12711.73729 -432.89553 282.89553 42.63374
-51.42627 -15.30508 21468.71186 13559.18644 -433.21802 283.21802 36.11629
-51.41864 -15.30508 21468.71186 14406.63559 -433.31594 283.31594 40.01562
-51.41102 -15.30508 21468.71186 15254.08475 -433.21553 283.21553 19.39465
-51.40339 -15.30508 21468.71186 16101.53390 -432.90701 282.90701 19.57100
-51.39576 -15.30508 21468.71186 16948.98305 -432.40851 282.40851 25.61685
-51.38814 -15.30508 21468.71186 17796.43220 -431.89635 281.89635 31.33406
-51.38051 -15.30508 21468.71186 18643.88136 -431.38419 281.38419 33.13685
-51.37288 -15.30508 21468.71186 19491.33051 -430.87204 280.87204 30.22972
-51.36525 -15.30508 21468.71186 20338.77966 -430.35988 280.35988 28.29246
-51.35763 -15.30508 21468.71186 21186.22881 -429.84772 279.84772 22.05643
-51.35000 -15.30508 21468.71186 22033.67797 -429.33556 279.33556 10.38162
-51.54831 -15.30000 22033.67797 0.00000 -429.85078 279.85078 66.41105
-51.54068 -15.30000 22033.67797 847.44915 -429.72982 279.72982 89.76784
-51.53305 -15.30000 22033.67797 1694.89831 -429.60886 279.60886 80.15610
-51.52542 -15.30000 22033.67797 2542.34746 -429.48790 279.48790 61.22723
-51.51780 -15.30000 22033.67797 3389.79661 -429.36694 279.36694 44.56732
-51.51017 -15.30000 22033.67797 4237.24576 -429.29159 279.29159 35.76671
-51.50254 -15.30000 22033.67797 5084.69492 -429.32369 279.32369 38.55798
-51.49492 -15.30000 22033.67797 5932.14407 -429.44949 279.44949 70.61948
-51.48729 -15.30000 22033.67797 6779.59322 -429.67188 279.67188 85.89362
-51.47966 -15.30000 22033.67797 7627.04237 -429.99627 279.99627 92.70059
-51.47203 -15.30000 22033.67797 8474.49153 -430.33811 280.33811 96.13272
-51.46441 -15.30000 22033.67797 9321.94068 -430.67995 280.67995 96.35317
-51.45678 -15.30000 22033.67797 10169.38983 -431.02179 281.02179 84.50553
-51.44915 -15.30000 22033.67797 11016.83898 -431.36363 281.36363 77.96044
-51.44153 -15.30000 22033.67797 11864.28814 -431.70547 281.70547 56.27670
-51.43390 -15.30000 22033.67797 12711.73729 -432.04731 282.04731 34.52457
-51.42627 -15.30000 22033.67797 13559.18644 -432.29481 282.29481 25.11436
-51.41864 -15.30000 22033.67797 14406.63559 -432.35525 282.35525 30.18698
-51.41102 -15.30000 22033.67797 15254.08475 -432.25221 282.25221 18.20757
-51.40339 -15.30000 22033.67797 16101.53390 -431.97828 281.97828 14.58107
-51.39576 -15.30000 22033.67797 16948.98305 -431.53189 281.53189 19.28953
-51.38814 -15.30000 22033.67797 17796.43220 -431.06333 281.06333 26.95064
-51.38051 -15.30000 22033.67797 18643.88136 -430.59478 280.59478 31.45368
-51.37288 -15.30000 22033.67797 19491.33051 -430.12623 280.12623 29.80377
-51.36525 -15.30000 22033.67797 20338.77966 -429.65767 279.65767 23.79297
-51.35763 -15.30000 22033.67797 21186.22881 -429.18912 279.18912 16.34468
-51.35000 -15.30000 22033.67797 22033.67797 -428.72057 278.72057 9.82967
