# lon lat x-norte(m) y-leste(m) z(m) topo(m) mag(nT)
-51.74661 -15.60000 0.00000 0.00000 -435.08036 285.08036 -111.75347
-51.73898 -15.60000 0.00000 847.44915 -436.22259 286.22259 -78.78354
-51.73136 -15.60000 0.00000 1694.89831 -438.08037 288.08037 -61.21050
-51.72373 -15.60000 0.00000 2542.34746 -439.94397 289.94397 -74.20894
-51.71610 -15.60000 0.00000 3389.79661 -441.80757 291.80757 -99.18660
-51.70847 -15.60000 0.00000 4237.24576 -443.67148 293.67148 -96.49168
-51.70085 -15.60000 0.00000 5084.69492 -445.53477 295.53477 -86.84214
-51.69322 -15.60000 0.00000 5932.14407 -447.39837 297.39837 -79.13890
-51.68559 -15.60000 0.00000 6779.59322 -449.26196 299.26196 -77.30334
-51.67797 -15.60000 0.00000 7627.04237 -451.12324 301.12324 -70.96339
-51.67034 -15.60000 0.00000 8474.49153 -452.30777 302.30777 -51.91695
-51.66271 -15.60000 0.00000 9321.94068 -452.44560 302.44560 -33.63906
-51.65508 -15.60000 0.00000 10169.38983 -451.53080 301.53080 -3.42856
-51.64746 -15.60000 0.00000 11016.83898 -449.98954 299.98954 -2.05208
-51.63983 -15.60000 0.00000 11864.28814 -448.44815 298.44815 -28.87364
-51.63220 -15.60000 0.00000 12711.73729 -446.90679 296.90679 -81.64480
-51.62458 -15.60000 0.00000 13559.18644 -445.36632 295.36632 -149.25069
-51.61695 -15.60000 0.00000 14406.63559 -443.82397 293.82397 -128.82765
-51.60932 -15.60000 0.00000 15254.08475 -442.28257 292.28257 -43.14476
-51.60169 -15.60000 0.00000 16101.53390 -440.74117 290.74117 97.66687
-51.59407 -15.60000 0.00000 16948.98305 -439.20849 289.20849 112.28807
-51.58644 -15.60000 0.00000 17796.43220 -438.28945 288.28945 -95.13883
-51.57881 -15.60000 0.00000 18643.88136 -438.22680 288.22680 -182.86729
-51.57119 -15.60000 0.00000 19491.33051 -439.04234 289.04234 -166.42899
-51.56356 -15.60000 0.00000 20338.77966 -440.31336 290.31336 -129.13681
-51.55593 -15.60000 0.00000 21186.22881 -441.58438 291.58438 -63.26216
-51.74661 -15.59492 564.96610 0.00000 -432.93919 282.93919 -120.47647
-51.73898 -15.59492 564.96610 847.44915 -434.51060 284.51060 -113.93609
-51.73136 -15.59492 564.96610 1694.89831 -436.51841 286.51841 -88.56065
-51.72373 -15.59492 564.96610 2542.34746 -438.55710 288.55710 -95.55842
-51.71610 -15.59492 564.96610 3389.79661 -440.57025 290.57025 -124.52722
-51.70847 -15.59492 564.96610 4237.24576 -442.55428 292.55428 -112.21623
-51.70085 -15.59492 564.96610 5084.69492 -444.52926 294.52926 -92.48058
-51.69322 -15.59492 564.96610 5932.14407 -446.51798 296.51798 -87.30089
-51.68559 -15.59492 564.96610 6779.59322 -448.53045 298.53045 -93.31910
-51.67797 -15.59492 564.96610 7627.04237 -450.53623 300.53623 -97.27507
-51.67034 -15.59492 564.96610 8474.49153 -452.13080 302.13080 -87.50437
-51.66271 -15.59492 564.96610 9321.94068 -452.32286 302.32286 -69.21571
-51.65508 -15.59492 564.96610 10169.38983 -451.12774 301.12774 -41.91358
-51.64746 -15.59492 564.96610 11016.83898 -449.57137 299.57137 4.73799
-51.63983 -15.59492 564.96610 11864.28814 -448.02327 298.02327 -11.09390
-51.63220 -15.59492 564.96610 12711.73729 -446.50492 296.50492 -87.46937
-51.62458 -15.59492 564.96610 13559.18644 -444.99371 294.99371 -129.50304
-51.61695 -15.59492 564.96610 14406.63559 -443.45749 293.45749 -135.39332
-51.60932 -15.59492 564.96610 15254.08475 -441.87176 291.87176 -88.88008
-51.60169 -15.59492 564.96610 16101.53390 -440.25220 290.25220 29.93080
-51.59407 -15.59492 564.96610 16948.98305 -438.69114 288.69114 82.76104
-51.58644 -15.59492 564.96610 17796.43220 -437.51813 287.51813 -35.31240
-51.57881 -15.59492 564.96610 18643.88136 -437.45962 287.45962 -155.17615
-51.57119 -15.59492 564.96610 19491.33051 -438.47349 288.47349 -156.15673
-51.56356 -15.59492 564.96610 20338.77966 -439.73850 289.73850 -122.49553
-51.55593 -15.59492 564.96610 21186.22881 -441.08148 291.08148 -73.39324
-51.74661 -15.58983 1129.93220 0.00000 -430.77163 280.77163 -129.28984
-51.73898 -15.58983 1129.93220 847.44915 -432.84241 282.84241 -143.67857
-51.73136 -15.58983 1129.93220 1694.89831 -435.11662 285.11662 -124.25939
-51.72373 -15.58983 1129.93220 2542.34746 -437.30879 287.30879 -123.11598
-51.71610 -15.58983 1129.93220 3389.79661 -439.41957 289.41957 -141.55165
-51.70847 -15.58983 1129.93220 4237.24576 -441.48080 291.48080 -132.85504
-51.70085 -15.58983 1129.93220 5084.69492 -443.52826 293.52826 -125.96941
-51.69322 -15.58983 1129.93220 5932.14407 -445.59800 295.59800 -123.81867
-51.68559 -15.58983 1129.93220 6779.59322 -447.72414 297.72414 -124.96614
-51.67797 -15.58983 1129.93220 7627.04237 -449.92269 299.92269 -120.67560
-51.67034 -15.58983 1129.93220 8474.49153 -451.99622 301.99622 -102.29368
-51.66271 -15.58983 1129.93220 9321.94068 -452.22795 302.22795 -71.05172
-51.65508 -15.58983 1129.93220 10169.38983 -450.70160 300.70160 -55.02298
-51.64746 -15.58983 1129.93220 11016.83898 -449.11273 299.11273 -4.93356
-51.63983 -15.58983 1129.93220 11864.28814 -447.61315 297.61315 -11.06068
-51.63220 -15.58983 1129.93220 12711.73729 -446.17091 296.17091 -71.90695
-51.62458 -15.58983 1129.93220 13559.18644 -444.73898 294.73898 -87.95525
-51.61695 -15.58983 1129.93220 14406.63559 -443.26911 293.26911 -149.90358
-51.60932 -15.58983 1129.93220 15254.08475 -441.71378 291.71378 -121.95028
-51.60169 -15.58983 1129.93220 16101.53390 -440.03237 290.03237 -20.83468
-51.59407 -15.58983 1129.93220 16948.98305 -438.23738 288.23738 61.63503
-51.58644 -15.58983 1129.93220 17796.43220 -436.72361 286.72361 34.97500
-51.57881 -15.58983 1129.93220 18643.88136 -436.70965 286.70965 -119.06976
-51.57119 -15.58983 1129.93220 19491.33051 -438.01367 288.01367 -149.69100
-51.56356 -15.58983 1129.93220 20338.77966 -439.52056 289.52056 -137.70544
-51.55593 -15.58983 1129.93220 21186.22881 -440.93373 290.93373 -108.40324
-51.74661 -15.58475 1694.89831 0.00000 -428.88776 278.88776 -137.06506
-51.73898 -15.58475 1694.89831 847.44915 -431.50412 281.50412 -168.52280
-51.73136 -15.58475 1694.89831 1694.89831 -433.92235 283.92235 -167.22279
-51.72373 -15.58475 1694.89831 2542.34746 -436.18509 286.18509 -156.19755
-51.71610 -15.58475 1694.89831 3389.79661 -438.34423 288.34423 -151.04701
-51.70847 -15.58475 1694.89831 4237.24576 -440.44556 290.44556 -157.14010
-51.70085 -15.58475 1694.89831 5084.69492 -442.53119 292.53119 -182.43482
-51.69322 -15.58475 1694.89831 5932.14407 -444.64257 294.64257 -184.12124
-51.68559 -15.58475 1694.89831 6779.59322 -446.82339 296.82339 -170.07496
-51.67797 -15.58475 1694.89831 7627.04237 -449.12232 299.12232 -142.24042
-51.67034 -15.58475 1694.89831 8474.49153 -451.58563 301.58563 -101.19215
-51.66271 -15.58475 1694.89831 9321.94068 -451.83925 301.83925 -45.54744
-51.65508 -15.58475 1694.89831 10169.38983 -450.12448 300.12448 -49.25272
-51.64746 -15.58475 1694.89831 11016.83898 -448.60482 298.60482 -27.25532
-51.63983 -15.58475 1694.89831 11864.28814 -447.21619 297.21619 -25.31184
-51.63220 -15.58475 1694.89831 12711.73729 -445.89598 295.89598 -41.46195
-51.62458 -15.58475 1694.89831 13559.18644 -444.58739 294.58739 -25.81584
-51.61695 -15.58475 1694.89831 14406.63559 -443.23556 293.23556 -171.10838
-51.60932 -15.58475 1694.89831 15254.08475 -441.78375 291.78375 -145.30283
-51.60169 -15.58475 1694.89831 16101.53390 -440.16927 290.16927 -59.47804
-51.59407 -15.58475 1694.89831 16948.98305 -438.32051 288.32051 45.94960
-51.58644 -15.58475 1694.89831 17796.43220 -436.18631 286.18631 114.69836
-51.57881 -15.58475 1694.89831 18643.88136 -436.35757 286.35757 -83.51149
-51.57119 -15.58475 1694.89831 19491.33051 -438.15013 288.15013 -144.78698
-51.56356 -15.58475 1694.89831 20338.77966 -439.72059 289.72059 -164.30042
-51.55593 -15.58475 1694.89831 21186.22881 -441.10075 291.10075 -156.24651
-51.74661 -15.57966 2259.86441 0.00000 -428.07957 278.07957 -152.42926
-51.73898 -15.57966 2259.86441 847.44915 -430.52182 280.52182 -179.79096
-51.73136 -15.57966 2259.86441 1694.89831 -432.91761 282.91761 -196.10909
-51.72373 -15.57966 2259.86441 2542.34746 -435.17746 285.17746 -194.98945
-51.71610 -15.57966 2259.86441 3389.79661 -437.33969 287.33969 -190.17712
-51.70847 -15.57966 2259.86441 4237.24576 -439.44633 289.44633 -208.88722
-51.70085 -15.57966 2259.86441 5084.69492 -441.53780 291.53780 -227.97736
-51.69322 -15.57966 2259.86441 5932.14407 -443.65408 293.65408 -248.38316
-51.68559 -15.57966 2259.86441 6779.59322 -445.83630 295.83630 -235.78730
-51.67797 -15.57966 2259.86441 7627.04237 -448.12442 298.12442 -188.46791
-51.67034 -15.57966 2259.86441 8474.49153 -450.48392 300.48392 -127.01460
-51.66271 -15.57966 2259.86441 9321.94068 -450.84598 300.84598 -102.80614
-51.65508 -15.57966 2259.86441 10169.38983 -449.39203 299.39203 -100.31812
-51.64746 -15.57966 2259.86441 11016.83898 -448.05183 298.05183 -82.50954
-51.63983 -15.57966 2259.86441 11864.28814 -446.83149 296.83149 -74.30711
-51.63220 -15.57966 2259.86441 12711.73729 -445.67659 295.67659 -72.83420
-51.62458 -15.57966 2259.86441 13559.18644 -444.53294 294.53294 -52.13363
-51.61695 -15.57966 2259.86441 14406.63559 -443.34750 293.34750 -119.99455
-51.60932 -15.57966 2259.86441 15254.08475 -442.06600 292.06600 -120.45275
-51.60169 -15.57966 2259.86441 16101.53390 -440.63166 290.63166 -80.74389
-51.59407 -15.57966 2259.86441 16948.98305 -438.99516 288.99516 11.03760
-51.58644 -15.57966 2259.86441 17796.43220 -437.32835 287.32835 118.00346
-51.57881 -15.57966 2259.86441 18643.88136 -437.39695 287.39695 -7.98241
-51.57119 -15.57966 2259.86441 19491.33051 -438.88164 288.88164 -112.22497
-51.56356 -15.57966 2259.86441 20338.77966 -440.30384 290.30384 -159.72842
-51.55593 -15.57966 2259.86441 21186.22881 -441.56149 291.56149 -157.34076
-51.74661 -15.57458 2824.83051 0.00000 -428.01699 278.01699 -169.09127
-51.73898 -15.57458 2824.83051 847.44915 -429.91039 279.91039 -185.89610
-51.73136 -15.57458 2824.83051 1694.89831 -432.10735 282.10735 -217.70251
-51.72373 -15.57458 2824.83051 2542.34746 -434.28827 284.28827 -233.29259
-51.71610 -15.57458 2824.83051 3389.79661 -436.40720 286.40720 -237.54900
-51.70847 -15.57458 2824.83051 4237.24576 -438.48374 288.48374 -269.70743
-51.70085 -15.57458 2824.83051 5084.69492 -440.54817 290.54817 -271.03171
-51.69322 -15.57458 2824.83051 5932.14407 -442.63188 292.63188 -316.05233
-51.68559 -15.57458 2824.83051 6779.59322 -444.76062 294.76062 -320.09979
-51.67797 -15.57458 2824.83051 7627.04237 -446.92090 296.92090 -266.61468
-51.67034 -15.57458 2824.83051 8474.49153 -448.85088 298.85088 -177.61798
-51.66271 -15.57458 2824.83051 9321.94068 -449.36420 299.36420 -189.12106
-51.65508 -15.57458 2824.83051 10169.38983 -448.49807 298.49807 -201.01634
-51.64746 -15.57458 2824.83051 11016.83898 -447.45258 297.45258 -188.67941
-51.63983 -15.57458 2824.83051 11864.28814 -446.45930 296.45930 -165.91627
-51.63220 -15.57458 2824.83051 12711.73729 -445.51372 295.51372 -135.79020
-51.62458 -15.57458 2824.83051 13559.18644 -444.57733 294.57733 -93.61059
-51.61695 -15.57458 2824.83051 14406.63559 -443.60754 293.60754 -66.92583
-51.60932 -15.57458 2824.83051 15254.08475 -442.56489 292.56489 -93.87227
-51.60169 -15.57458 2824.83051 16101.53390 -441.42817 291.42817 -97.67026
-51.59407 -15.57458 2824.83051 16948.98305 -440.28595 290.28595 -27.30111
-51.58644 -15.57458 2824.83051 17796.43220 -439.41251 289.41251 108.35261
-51.57881 -15.57458 2824.83051 18643.88136 -439.42074 289.42074 68.50577
-51.57119 -15.57458 2824.83051 19491.33051 -440.23099 290.23099 -76.03731
-51.56356 -15.57458 2824.83051 20338.77966 -441.27993 291.27993 -146.14993
-51.55593 -15.57458 2824.83051 21186.22881 -442.32181 292.32181 -146.14487
-51.74661 -15.56949 3389.79661 0.00000 -428.00598 278.00598 -166.72779
-51.73898 -15.56949 3389.79661 847.44915 -429.50078 279.50078 -188.90079
-51.73136 -15.56949 3389.79661 1694.89831 -431.51298 281.51298 -222.07819
-51.72373 -15.56949 3389.79661 2542.34746 -433.53137 283.53137 -247.99944
-51.71610 -15.56949 3389.79661 3389.79661 -435.55413 285.55413 -264.90190
-51.70847 -15.56949 3389.79661 4237.24576 -437.56137 287.56137 -289.74993
-51.70085 -15.56949 3389.79661 5084.69492 -439.56267 289.56267 -326.05480
-51.69322 -15.56949 3389.79661 5932.14407 -441.57204 291.57204 -404.28716
-51.68559 -15.56949 3389.79661 6779.59322 -443.58618 293.58618 -496.23418
-51.67797 -15.56949 3389.79661 7627.04237 -445.59838 295.59838 -552.32456
-51.67034 -15.56949 3389.79661 8474.49153 -447.19600 297.19600 -553.78177
-51.66271 -15.56949 3389.79661 9321.94068 -447.83004 297.83004 -607.50667
-51.65508 -15.56949 3389.79661 10169.38983 -447.50270 297.50270 -630.58025
-51.64746 -15.56949 3389.79661 11016.83898 -446.80146 296.80146 -580.23645
-51.63983 -15.56949 3389.79661 11864.28814 -446.10105 296.10105 -482.50674
-51.63220 -15.56949 3389.79661 12711.73729 -445.41309 295.41309 -360.87775
-51.62458 -15.56949 3389.79661 13559.18644 -444.73017 294.73017 -235.35803
-51.61695 -15.56949 3389.79661 14406.63559 -444.03080 294.03080 -163.32825
-51.60932 -15.56949 3389.79661 15254.08475 -443.30584 293.30584 -142.94496
-51.60169 -15.56949 3389.79661 16101.53390 -442.59399 292.59399 -119.94129
-51.59407 -15.56949 3389.79661 16948.98305 -441.89275 291.89275 -54.75519
-51.58644 -15.56949 3389.79661 17796.43220 -441.43667 291.43667 53.45386
-51.57881 -15.56949 3389.79661 18643.88136 -441.47478 291.47478 87.33706
-51.57119 -15.56949 3389.79661 19491.33051 -442.00500 292.00500 -58.65060
-51.56356 -15.56949 3389.79661 20338.77966 -442.69902 292.69902 -126.68346
-51.55593 -15.56949 3389.79661 21186.22881 -443.41582 293.41582 -128.41115
-51.74661 -15.56441 3954.76271 0.00000 -427.93394 277.93394 -163.60529
-51.73898 -15.56441 3954.76271 847.44915 -429.11749 279.11749 -190.59699
-51.73136 -15.56441 3954.76271 1694.89831 -430.98925 280.98925 -223.50574
-51.72373 -15.56441 3954.76271 2542.34746 -432.88733 282.88733 -258.43711
-51.71610 -15.56441 3954.76271 3389.79661 -434.78541 284.78541 -290.51838
-51.70847 -15.56441 3954.76271 4237.24576 -436.68350 286.68350 -316.27696
-51.70085 -15.56441 3954.76271 5084.69492 -438.58158 288.58158 -380.41368
-51.69322 -15.56441 3954.76271 5932.14407 -440.47966 290.47966 -491.80254
-51.68559 -15.56441 3954.76271 6779.59322 -442.37774 292.37774 -648.83032
-51.67797 -15.56441 3954.76271 7627.04237 -444.26171 294.26171 -791.20786
-51.67034 -15.56441 3954.76271 8474.49153 -445.64669 295.64669 -878.69707
-51.66271 -15.56441 3954.76271 9321.94068 -446.39348 296.39348 -1046.05077
-51.65508 -15.56441 3954.76271 10169.38983 -446.49884 296.49884 -1115.47878
-51.64746 -15.56441 3954.76271 11016.83898 -446.13107 296.13107 -1043.73130
-51.63983 -15.56441 3954.76271 11864.28814 -445.75514 295.75514 -861.13431
-51.63220 -15.56441 3954.76271 12711.73729 -445.37921 295.37921 -628.53827
-51.62458 -15.56441 3954.76271 13559.18644 -445.00327 295.00327 -423.40756
-51.61695 -15.56441 3954.76271 14406.63559 -444.62734 294.62734 -292.11495
-51.60932 -15.56441 3954.76271 15254.08475 -444.25141 294.25141 -214.23206
-51.60169 -15.56441 3954.76271 16101.53390 -443.87548 293.87548 -158.33078
-51.59407 -15.56441 3954.76271 16948.98305 -443.50971 293.50971 -93.57214
-51.58644 -15.56441 3954.76271 17796.43220 -443.35197 293.35197 -2.54168
-51.57881 -15.56441 3954.76271 18643.88136 -443.44163 293.44163 94.06474
-51.57119 -15.56441 3954.76271 19491.33051 -443.78480 293.78480 -41.95896
-51.56356 -15.56441 3954.76271 20338.77966 -444.29715 294.29715 -115.69250
-51.55593 -15.56441 3954.76271 21186.22881 -444.81037 294.81037 -128.58715
-51.74661 -15.55932 4519.72881 0.00000 -427.79505 277.79505 -163.62183
-51.73898 -15.55932 4519.72881 847.44915 -428.78004 278.78004 -188.65974
-51.73136 -15.55932 4519.72881 1694.89831 -430.46552 280.46552 -223.44008
-51.72373 -15.55932 4519.72881 2542.34746 -432.24948 282.24948 -266.07486
-51.71610 -15.55932 4519.72881 3389.79661 -434.03345 284.03345 -317.16604
-51.70847 -15.55932 4519.72881 4237.24576 -435.81741 285.81741 -377.38347
-51.70085 -15.55932 4519.72881 5084.69492 -437.60138 287.60138 -432.61021
-51.69322 -15.55932 4519.72881 5932.14407 -439.38534 289.38534 -568.48085
-51.68559 -15.55932 4519.72881 6779.59322 -441.16930 291.16930 -692.77741
-51.67797 -15.55932 4519.72881 7627.04237 -442.89984 292.89984 -803.99264
-51.67034 -15.55932 4519.72881 8474.49153 -444.19600 294.19600 -991.61354
-51.66271 -15.55932 4519.72881 9321.94068 -445.05275 295.05275 -1510.73128
-51.65508 -15.55932 4519.72881 10169.38983 -445.46820 295.46820 -1694.18620
-51.64746 -15.55932 4519.72881 11016.83898 -445.46068 295.46068 -1623.06898
-51.63983 -15.55932 4519.72881 11864.28814 -445.41006 295.41006 -1343.85849
-51.63220 -15.55932 4519.72881 12711.73729 -445.35944 295.35944 -986.88704
-51.62458 -15.55932 4519.72881 13559.18644 -445.30882 295.30882 -756.68009
-51.61695 -15.55932 4519.72881 14406.63559 -445.25820 295.25820 -497.76554
-51.60932 -15.55932 4519.72881 15254.08475 -445.20758 295.20758 -328.85225
-51.60169 -15.55932 4519.72881 16101.53390 -445.15696 295.15696 -236.44900
-51.59407 -15.55932 4519.72881 16948.98305 -445.12113 295.12113 -164.21604
-51.58644 -15.55932 4519.72881 17796.43220 -445.17872 295.17872 -62.18457
-51.57881 -15.55932 4519.72881 18643.88136 -445.32739 295.32739 35.38981
-51.57119 -15.55932 4519.72881 19491.33051 -445.56904 295.56904 -23.89697
-51.56356 -15.55932 4519.72881 20338.77966 -445.89528 295.89528 -125.04281
-51.55593 -15.55932 4519.72881 21186.22881 -446.22770 296.22770 -171.83313
-51.74661 -15.55424 5084.69492 0.00000 -427.59468 277.59468 -169.70773
-51.73898 -15.55424 5084.69492 847.44915 -428.43694 278.43694 -195.59287
-51.73136 -15.55424 5084.69492 1694.89831 -429.94179 279.94179 -229.13951
-51.72373 -15.55424 5084.69492 2542.34746 -431.61164 281.61164 -272.99665
-51.71610 -15.55424 5084.69492 3389.79661 -433.28148 283.28148 -331.32946
-51.70847 -15.55424 5084.69492 4237.24576 -434.95133 284.95133 -403.61333
-51.70085 -15.55424 5084.69492 5084.69492 -436.62118 286.62118 -469.67347
-51.69322 -15.55424 5084.69492 5932.14407 -438.29102 288.29102 -636.10935
-51.68559 -15.55424 5084.69492 6779.59322 -439.96087 289.96087 -767.17200
-51.67797 -15.55424 5084.69492 7627.04237 -441.55659 291.55659 -846.77107
-51.67034 -15.55424 5084.69492 8474.49153 -442.82361 292.82361 -988.15111
-51.66271 -15.55424 5084.69492 9321.94068 -443.78902 293.78902 -1585.18394
-51.65508 -15.55424 5084.69492 10169.38983 -444.45169 294.45169 -1816.56877
-51.64746 -15.55424 5084.69492 11016.83898 -444.79029 294.79029 -1856.20866
-51.63983 -15.55424 5084.69492 11864.28814 -445.06498 295.06498 -1726.05021
-51.63220 -15.55424 5084.69492 12711.73729 -445.33967 295.33967 -1467.30667
-51.62458 -15.55424 5084.69492 13559.18644 -445.61437 295.61437 -1115.62323
-51.61695 -15.55424 5084.69492 14406.63559 -445.88906 295.88906 -701.39233
-51.60932 -15.55424 5084.69492 15254.08475 -446.16376 296.16376 -414.99881
-51.60169 -15.55424 5084.69492 16101.53390 -446.43845 296.43845 -271.99884
-51.59407 -15.55424 5084.69492 16948.98305 -446.70515 296.70515 -177.59684
-51.58644 -15.55424 5084.69492 17796.43220 -446.94248 296.94248 -48.10523
-51.57881 -15.55424 5084.69492 18643.88136 -447.15338 297.15338 -3.76487
-51.57119 -15.55424 5084.69492 19491.33051 -447.33736 297.33736 -49.92425
-51.56356 -15.55424 5084.69492 20338.77966 -447.49340 297.49340 -137.65941
-51.55593 -15.55424 5084.69492 21186.22881 -447.64503 297.64503 -175.43980
-51.74661 -15.54915 5649.66102 0.00000 -427.33981 277.33981 -185.58159
-51.73898 -15.54915 5649.66102 847.44915 -428.07056 278.07056 -215.57405
-51.73136 -15.54915 5649.66102 1694.89831 -429.41806 279.41806 -243.25311
-51.72373 -15.54915 5649.66102 2542.34746 -430.97379 280.97379 -279.21462
-51.71610 -15.54915 5649.66102 3389.79661 -432.52952 282.52952 -328.64597
-51.70847 -15.54915 5649.66102 4237.24576 -434.08525 284.08525 -383.46144
-51.70085 -15.54915 5649.66102 5084.69492 -435.64097 285.64097 -487.25275
-51.69322 -15.54915 5649.66102 5932.14407 -437.19670 287.19670 -692.58555
-51.68559 -15.54915 5649.66102 6779.59322 -438.75243 288.75243 -883.01771
-51.67797 -15.54915 5649.66102 7627.04237 -440.24007 290.24007 -930.04819
-51.67034 -15.54915 5649.66102 8474.49153 -441.50771 291.50771 -840.60850
-51.66271 -15.54915 5649.66102 9321.94068 -442.58115 292.58115 -1161.87329
-51.65508 -15.54915 5649.66102 10169.38983 -443.45971 293.45971 -1402.13704
-51.64746 -15.54915 5649.66102 11016.83898 -444.11990 294.11990 -1684.56915
-51.63983 -15.54915 5649.66102 11864.28814 -444.71990 294.71990 -1990.41499
-51.63220 -15.54915 5649.66102 12711.73729 -445.31991 295.31991 -2087.85240
-51.62458 -15.54915 5649.66102 13559.18644 -445.91992 295.91992 -1503.57430
-51.61695 -15.54915 5649.66102 14406.63559 -446.51992 296.51992 -903.84165
-51.60932 -15.54915 5649.66102 15254.08475 -447.11993 297.11993 -471.81109
-51.60169 -15.54915 5649.66102 16101.53390 -447.71994 297.71994 -262.56563
-51.59407 -15.54915 5649.66102 16948.98305 -448.26683 298.26683 -132.04139
-51.58644 -15.54915 5649.66102 17796.43220 -448.66845 298.66845 40.25468
-51.57881 -15.54915 5649.66102 18643.88136 -448.94298 298.94298 -26.31553
-51.57119 -15.54915 5649.66102 19491.33051 -449.08827 299.08827 -118.77931
-51.56356 -15.54915 5649.66102 20338.77966 -449.09153 299.09153 -151.64485
-51.55593 -15.54915 5649.66102 21186.22881 -449.06237 299.06237 -141.01236
-51.74661 -15.54407 6214.62712 0.00000 -427.03718 277.03718 -195.38371
-51.73898 -15.54407 6214.62712 847.44915 -427.67657 277.67657 -219.58172
-51.73136 -15.54407 6214.62712 1694.89831 -428.89433 278.89433 -246.38919
-51.72373 -15.54407 6214.62712 2542.34746 -430.33594 280.33594 -277.14273
-51.71610 -15.54407 6214.62712 3389.79661 -431.77755 281.77755 -319.71764
-51.70847 -15.54407 6214.62712 4237.24576 -433.21916 283.21916 -384.87206
-51.70085 -15.54407 6214.62712 5084.69492 -434.66077 284.66077 -483.97130
-51.69322 -15.54407 6214.62712 5932.14407 -436.10238 286.10238 -648.62880
-51.68559 -15.54407 6214.62712 6779.59322 -437.54400 287.54400 -771.05834
-51.67797 -15.54407 6214.62712 7627.04237 -438.94395 288.94395 -763.42399
-51.67034 -15.54407 6214.62712 8474.49153 -440.22700 290.22700 -660.70571
-51.66271 -15.54407 6214.62712 9321.94068 -441.40813 291.40813 -878.73518
-51.65508 -15.54407 6214.62712 10169.38983 -442.48702 292.48702 -1344.89024
-51.64746 -15.54407 6214.62712 11016.83898 -443.44950 293.44950 -1693.01019
-51.63983 -15.54407 6214.62712 11864.28814 -444.37482 294.37482 -1910.95568
-51.63220 -15.54407 6214.62712 12711.73729 -445.30014 295.30014 -1890.60317
-51.62458 -15.54407 6214.62712 13559.18644 -446.22546 296.22546 -1389.11025
-51.61695 -15.54407 6214.62712 14406.63559 -447.15078 297.15078 -863.15789
-51.60932 -15.54407 6214.62712 15254.08475 -448.07610 298.07610 -529.15353
-51.60169 -15.54407 6214.62712 16101.53390 -449.00142 299.00142 -343.53067
-51.59407 -15.54407 6214.62712 16948.98305 -449.81952 299.81952 -206.08172
-51.58644 -15.54407 6214.62712 17796.43220 -450.38090 300.38090 -55.76269
-51.57881 -15.54407 6214.62712 18643.88136 -450.71948 300.71948 -54.92865
-51.57119 -15.54407 6214.62712 19491.33051 -450.83162 300.83162 8.47597
-51.56356 -15.54407 6214.62712 20338.77966 -450.68966 300.68966 -47.39225
-51.55593 -15.54407 6214.62712 21186.22881 -450.47970 300.47970 -114.64208
-51.74661 -15.53898 6779.59322 0.00000 -426.69294 276.69294 -199.73389
-51.73898 -15.53898 6779.59322 847.44915 -427.25592 277.25592 -214.06341
-51.73136 -15.53898 6779.59322 1694.89831 -428.37060 278.37060 -242.88091
-51.72373 -15.53898 6779.59322 2542.34746 -429.69809 279.69809 -270.15331
-51.71610 -15.53898 6779.59322 3389.79661 -431.02559 281.02559 -306.82971
-51.70847 -15.53898 6779.59322 4237.24576 -432.35308 282.35308 -396.14836
-51.70085 -15.53898 6779.59322 5084.69492 -433.68057 283.68057 -468.48054
-51.69322 -15.53898 6779.59322 5932.14407 -435.00807 285.00807 -547.98690
-51.68559 -15.53898 6779.59322 6779.59322 -436.33556 286.33556 -549.53837
-51.67797 -15.53898 6779.59322 7627.04237 -437.65687 287.65687 -488.67615
-51.67034 -15.53898 6779.59322 8474.49153 -438.96077 288.96077 -456.40700
-51.66271 -15.53898 6779.59322 9321.94068 -440.24948 290.24948 -647.05176
-51.65508 -15.53898 6779.59322 10169.38983 -441.52297 291.52297 -1412.85235
-51.64746 -15.53898 6779.59322 11016.83898 -442.77911 292.77911 -1690.66476
-51.63983 -15.53898 6779.59322 11864.28814 -444.02975 294.02975 -1627.17708
-51.63220 -15.53898 6779.59322 12711.73729 -445.28038 295.28038 -1346.99970
-51.62458 -15.53898 6779.59322 13559.18644 -446.53101 296.53101 -1056.43969
-51.61695 -15.53898 6779.59322 14406.63559 -447.78164 297.78164 -723.26679
-51.60932 -15.53898 6779.59322 15254.08475 -449.03227 299.03227 -582.64438
-51.60169 -15.53898 6779.59322 16101.53390 -450.28291 300.28291 -452.54090
-51.59407 -15.53898 6779.59322 16948.98305 -451.37894 301.37894 -321.23777
-51.58644 -15.53898 6779.59322 17796.43220 -452.10360 302.10360 -217.36911
-51.57881 -15.53898 6779.59322 18643.88136 -452.50591 302.50591 -90.28318
-51.57119 -15.53898 6779.59322 19491.33051 -452.58058 302.58058 188.45755
-51.56356 -15.53898 6779.59322 20338.77966 -452.28779 302.28779 93.24787
-51.55593 -15.53898 6779.59322 21186.22881 -451.89703 301.89703 -84.78426
-51.74661 -15.53390 7344.55932 0.00000 -426.31265 276.31265 -187.56341
-51.73898 -15.53390 7344.55932 847.44915 -426.81223 276.81223 -196.95247
-51.73136 -15.53390 7344.55932 1694.89831 -427.84687 277.84687 -233.57715
-51.72373 -15.53390 7344.55932 2542.34746 -429.06024 279.06024 -262.75581
-51.71610 -15.53390 7344.55932 3389.79661 -430.27362 280.27362 -286.16443
-51.70847 -15.53390 7344.55932 4237.24576 -431.48700 281.48700 -351.78840
-51.70085 -15.53390 7344.55932 5084.69492 -432.70037 282.70037 -393.81821
-51.69322 -15.53390 7344.55932 5932.14407 -433.91375 283.91375 -373.74994
-51.68559 -15.53390 7344.55932 6779.59322 -435.12712 285.12712 -401.89123
-51.67797 -15.53390 7344.55932 7627.04237 -436.36608 286.36608 -444.38556
-51.67034 -15.53390 7344.55932 8474.49153 -437.68858 287.68858 -416.74703
-51.66271 -15.53390 7344.55932 9321.94068 -439.08493 289.08493 -349.99948
-51.65508 -15.53390 7344.55932 10169.38983 -440.55537 290.55537 -471.94014
-51.64746 -15.53390 7344.55932 11016.83898 -442.10872 292.10872 -452.95679
-51.63983 -15.53390 7344.55932 11864.28814 -443.68467 293.68467 -704.91553
-51.63220 -15.53390 7344.55932 12711.73729 -445.26061 295.26061 -1212.45731
-51.62458 -15.53390 7344.55932 13559.18644 -446.83656 296.83656 -1266.99558
-51.61695 -15.53390 7344.55932 14406.63559 -448.41250 298.41250 -879.73029
-51.60932 -15.53390 7344.55932 15254.08475 -449.98845 299.98845 -609.41750
-51.60169 -15.53390 7344.55932 16101.53390 -451.56439 301.56439 -446.15670
-51.59407 -15.53390 7344.55932 16948.98305 -452.96065 302.96065 -342.29500
-51.58644 -15.53390 7344.55932 17796.43220 -453.86034 303.86034 -244.51120
-51.57881 -15.53390 7344.55932 18643.88136 -454.32529 304.32529 -127.27383
-51.57119 -15.53390 7344.55932 19491.33051 -454.34812 304.34812 103.78953
-51.56356 -15.53390 7344.55932 20338.77966 -453.88592 303.88592 126.54150
-51.55593 -15.53390 7344.55932 21186.22881 -453.31437 303.31437 9.63816
-51.74661 -15.52881 7909.52542 0.00000 -425.90140 275.90140 -171.76997
-51.73898 -15.52881 7909.52542 847.44915 -426.35125 276.35125 -178.53905
-51.73136 -15.52881 7909.52542 1694.89831 -427.32314 277.32314 -221.15774
-51.72373 -15.52881 7909.52542 2542.34746 -428.42240 278.42240 -250.95389
-51.71610 -15.52881 7909.52542 3389.79661 -429.52165 279.52165 -259.74381
-51.70847 -15.52881 7909.52542 4237.24576 -430.62091 280.62091 -297.34894
-51.70085 -15.52881 7909.52542 5084.69492 -431.72017 281.72017 -305.44227
-51.69322 -15.52881 7909.52542 5932.14407 -432.81943 282.81943 -191.73819
-51.68559 -15.52881 7909.52542 6779.59322 -433.91869 283.91869 -260.84407
-51.67797 -15.52881 7909.52542 7627.04237 -435.05970 285.05970 -422.42263
-51.67034 -15.52881 7909.52542 8474.49153 -436.38984 286.38984 -410.44858
-51.66271 -15.52881 7909.52542 9321.94068 -437.89405 287.89405 -74.70579
-51.65508 -15.52881 7909.52542 10169.38983 -439.57300 289.57300 418.21331
-51.64746 -15.52881 7909.52542 11016.83898 -441.43833 291.43833 699.27271
-51.63983 -15.52881 7909.52542 11864.28814 -443.33959 293.33959 141.29493
-51.63220 -15.52881 7909.52542 12711.73729 -445.24085 295.24085 -1066.30723
-51.62458 -15.52881 7909.52542 13559.18644 -447.14210 297.14210 -1480.81067
-51.61695 -15.52881 7909.52542 14406.63559 -449.04336 299.04336 -1037.67000
-51.60932 -15.52881 7909.52542 15254.08475 -450.94462 300.94462 -636.60598
-51.60169 -15.52881 7909.52542 16101.53390 -452.84588 302.84588 -428.22143
-51.59407 -15.52881 7909.52542 16948.98305 -454.57775 304.57775 -347.04387
-51.58644 -15.52881 7909.52542 17796.43220 -455.67554 305.67554 -258.47477
-51.57881 -15.52881 7909.52542 18643.88136 -456.20103 306.20103 -167.86278
-51.57119 -15.52881 7909.52542 19491.33051 -456.14375 306.14375 -6.55376
-51.56356 -15.52881 7909.52542 20338.77966 -455.48405 305.48405 126.59768
-51.55593 -15.52881 7909.52542 21186.22881 -454.73170 304.73170 98.74918
-51.74661 -15.52373 8474.49153 0.00000 -425.46405 275.46405 -165.13875
-51.73898 -15.52373 8474.49153 847.44915 -425.88183 275.88183 -168.59631
-51.73136 -15.52373 8474.49153 1694.89831 -426.79941 276.79941 -199.51757
-51.72373 -15.52373 8474.49153 2542.34746 -427.78455 277.78455 -215.00393
-51.71610 -15.52373 8474.49153 3389.79661 -428.76969 278.76969 -204.17016
-51.70847 -15.52373 8474.49153 4237.24576 -429.75483 279.75483 -202.91745
-51.70085 -15.52373 8474.49153 5084.69492 -430.73997 280.73997 -177.61712
-51.69322 -15.52373 8474.49153 5932.14407 -431.72511 281.72511 -46.45518
-51.68559 -15.52373 8474.49153 6779.59322 -432.71025 282.71025 -80.13995
-51.67797 -15.52373 8474.49153 7627.04237 -433.73001 283.73001 -285.05585
-51.67034 -15.52373 8474.49153 8474.49153 -435.04340 285.04340 -456.57394
-51.66271 -15.52373 8474.49153 9321.94068 -436.65602 286.65602 -131.27968
-51.65508 -15.52373 8474.49153 10169.38983 -438.56914 288.56914 266.05827
-51.64746 -15.52373 8474.49153 11016.83898 -440.76794 290.76794 410.08598
-51.63983 -15.52373 8474.49153 11864.28814 -442.99451 292.99451 106.65156
-51.63220 -15.52373 8474.49153 12711.73729 -445.22108 295.22108 -551.64464
-51.62458 -15.52373 8474.49153 13559.18644 -447.44765 297.44765 -1091.51185
-51.61695 -15.52373 8474.49153 14406.63559 -449.67422 299.67422 -1025.12091
-51.60932 -15.52373 8474.49153 15254.08475 -451.90079 301.90079 -687.60048
-51.60169 -15.52373 8474.49153 16101.53390 -454.12736 304.12736 -447.40667
-51.59407 -15.52373 8474.49153 16948.98305 -456.23636 306.23636 -339.61767
-51.58644 -15.52373 8474.49153 17796.43220 -457.57467 307.57467 -261.21264
-51.57881 -15.52373 8474.49153 18643.88136 -458.15687 308.15687 -185.09521
-51.57119 -15.52373 8474.49153 19491.33051 -457.96728 307.96728 -72.79403
-51.56356 -15.52373 8474.49153 20338.77966 -457.08218 307.08218 73.98974
-51.55593 -15.52373 8474.49153 21186.22881 -456.14903 306.14903 133.90338
-51.74661 -15.51864 9039.45763 0.00000 -425.00562 275.00562 -153.71892
-51.73898 -15.51864 9039.45763 847.44915 -425.41972 275.41972 -152.85523
-51.73136 -15.51864 9039.45763 1694.89831 -426.27568 276.27568 -168.35448
-51.72373 -15.51864 9039.45763 2542.34746 -427.14670 277.14670 -169.34967
-51.71610 -15.51864 9039.45763 3389.79661 -428.01772 278.01772 -145.47442
-51.70847 -15.51864 9039.45763 4237.24576 -428.88875 278.88875 -118.65669
-51.70085 -15.51864 9039.45763 5084.69492 -429.75977 279.75977 -60.34821
-51.69322 -15.51864 9039.45763 5932.14407 -430.63079 280.63079 97.35079
-51.68559 -15.51864 9039.45763 6779.59322 -431.50181 281.50181 146.75565
-51.67797 -15.51864 9039.45763 7627.04237 -432.38184 282.38184 -4.42126
-51.67034 -15.51864 9039.45763 8474.49153 -433.62765 283.62765 -265.28124
-51.66271 -15.51864 9039.45763 9321.94068 -435.34975 285.34975 -97.12513
-51.65508 -15.51864 9039.45763 10169.38983 -437.55061 287.55061 144.25876
-51.64746 -15.51864 9039.45763 11016.83898 -440.09755 290.09755 142.71453
-51.63983 -15.51864 9039.45763 11864.28814 -442.64943 292.64943 30.18320
-51.63220 -15.51864 9039.45763 12711.73729 -445.20132 295.20132 -194.92311
-51.62458 -15.51864 9039.45763 13559.18644 -447.75320 297.75320 -764.20895
-51.61695 -15.51864 9039.45763 14406.63559 -450.30508 300.30508 -926.65660
-51.60932 -15.51864 9039.45763 15254.08475 -452.85696 302.85696 -691.47097
-51.60169 -15.51864 9039.45763 16101.53390 -455.40885 305.40885 -467.16489
-51.59407 -15.51864 9039.45763 16948.98305 -457.92300 307.92300 -346.18110
-51.58644 -15.51864 9039.45763 17796.43220 -459.58431 309.58431 -269.69709
-51.57881 -15.51864 9039.45763 18643.88136 -460.21582 310.21582 -203.44908
-51.57119 -15.51864 9039.45763 19491.33051 -459.79186 309.79186 -115.42449
-51.56356 -15.51864 9039.45763 20338.77966 -458.68030 308.68030 17.52829
-51.55593 -15.51864 9039.45763 21186.22881 -457.56637 307.56637 127.00025
-51.74661 -15.51356 9604.42373 0.00000 -424.53248 274.53248 -131.99050
-51.73898 -15.51356 9604.42373 847.44915 -424.99504 274.99504 -122.66075
-51.73136 -15.51356 9604.42373 1694.89831 -425.75195 275.75195 -118.17675
-51.72373 -15.51356 9604.42373 2542.34746 -426.52140 276.52140 -105.96873
-51.71610 -15.51356 9604.42373 3389.79661 -427.31166 277.31166 -82.05212
-51.70847 -15.51356 9604.42373 4237.24576 -428.08758 278.08758 -51.84198
-51.70085 -15.51356 9604.42373 5084.69492 -428.83411 278.83411 34.30231
-51.69322 -15.51356 9604.42373 5932.14407 -429.55491 279.55491 242.84142
-51.68559 -15.51356 9604.42373 6779.59322 -430.29338 280.29338 463.06576
-51.67797 -15.51356 9604.42373 7627.04237 -431.05028 281.05028 548.86908
-51.67034 -15.51356 9604.42373 8474.49153 -432.12214 282.12214 399.63882
-51.66271 -15.51356 9604.42373 9321.94068 -433.95619 283.95619 117.55609
-51.65508 -15.51356 9604.42373 10169.38983 -436.54996 286.54996 154.01894
-51.64746 -15.51356 9604.42373 11016.83898 -439.42716 289.42716 74.92189
-51.63983 -15.51356 9604.42373 11864.28814 -442.30509 292.30509 -19.72426
-51.63220 -15.51356 9604.42373 12711.73729 -445.16304 295.16304 -126.78868
-51.62458 -15.51356 9604.42373 13559.18644 -448.00973 298.00973 -465.23337
-51.61695 -15.51356 9604.42373 14406.63559 -450.87966 300.87966 -681.84272
-51.60932 -15.51356 9604.42373 15254.08475 -453.79165 303.79165 -611.21862
-51.60169 -15.51356 9604.42373 16101.53390 -456.69033 306.69033 -483.51165
-51.59407 -15.51356 9604.42373 16948.98305 -459.56753 309.56753 -375.75309
-51.58644 -15.51356 9604.42373 17796.43220 -461.72997 311.72997 -287.70085
-51.57881 -15.51356 9604.42373 18643.88136 -462.39460 312.39460 -220.37869
-51.57119 -15.51356 9604.42373 19491.33051 -461.57317 311.57317 -121.87374
-51.56356 -15.51356 9604.42373 20338.77966 -460.27843 310.27843 -40.81067
-51.55593 -15.51356 9604.42373 21186.22881 -458.94087 308.94087 59.32530
-51.74661 -15.50847 10169.38983 0.00000 -424.05728 274.05728 -112.58504
-51.73898 -15.50847 10169.38983 847.44915 -424.58564 274.58564 -104.25160
-51.73136 -15.50847 10169.38983 1694.89831 -425.30763 275.30763 -85.57179
-51.72373 -15.50847 10169.38983 2542.34746 -426.06547 276.06547 -60.53154
-51.71610 -15.50847 10169.38983 3389.79661 -426.80382 276.80382 -31.49055
-51.70847 -15.50847 10169.38983 4237.24576 -427.50030 277.50030 9.72270
-51.70085 -15.50847 10169.38983 5084.69492 -428.13975 278.13975 118.58148
-51.69322 -15.50847 10169.38983 5932.14407 -428.71146 278.71146 350.59979
-51.68559 -15.50847 10169.38983 6779.59322 -429.21750 279.21750 654.43219
-51.67797 -15.50847 10169.38983 7627.04237 -429.72903 279.72903 915.24021
-51.67034 -15.50847 10169.38983 8474.49153 -430.51855 280.51855 958.96687
-51.66271 -15.50847 10169.38983 9321.94068 -432.47165 282.47165 488.43977
-51.65508 -15.50847 10169.38983 10169.38983 -435.55646 285.55646 397.03150
-51.64746 -15.50847 10169.38983 11016.83898 -438.80640 288.80640 214.96741
-51.63983 -15.50847 10169.38983 11864.28814 -441.96906 291.96906 63.28212
-51.63220 -15.50847 10169.38983 12711.73729 -445.04936 295.04936 -12.82523
-51.62458 -15.50847 10169.38983 13559.18644 -448.10745 298.10745 -202.41247
-51.61695 -15.50847 10169.38983 14406.63559 -451.21053 301.21053 -455.70265
-51.60932 -15.50847 10169.38983 15254.08475 -454.42204 304.42204 -505.13688
-51.60169 -15.50847 10169.38983 16101.53390 -457.78088 307.78088 -455.91983
-51.59407 -15.50847 10169.38983 16948.98305 -461.17429 311.17429 -373.37598
-51.58644 -15.50847 10169.38983 17796.43220 -464.02271 314.02271 -294.68697
-51.57881 -15.50847 10169.38983 18643.88136 -464.67383 314.67383 -233.63293
-51.57119 -15.50847 10169.38983 19491.33051 -463.33721 313.33721 -150.53724
-51.56356 -15.50847 10169.38983 20338.77966 -461.58877 311.58877 -98.74075
-51.55593 -15.50847 10169.38983 21186.22881 -459.87601 309.87601 -10.23455
-51.74661 -15.50339 10734.35593 0.00000 -423.64715 273.64715 -95.34777
-51.73898 -15.50339 10734.35593 847.44915 -424.33506 274.33506 -96.62976
-51.73136 -15.50339 10734.35593 1694.89831 -425.07785 275.07785 -69.05122
-51.72373 -15.50339 10734.35593 2542.34746 -425.79844 275.79844 -31.45539
-51.71610 -15.50339 10734.35593 3389.79661 -426.47851 276.47851 7.77511
-51.70847 -15.50339 10734.35593 4237.24576 -427.10344 277.10344 64.74067
-51.70085 -15.50339 10734.35593 5084.69492 -427.65784 277.65784 193.91654
-51.69322 -15.50339 10734.35593 5932.14407 -428.12419 278.12419 426.72452
-51.68559 -15.50339 10734.35593 6779.59322 -428.48282 278.48282 742.85886
-51.67797 -15.50339 10734.35593 7627.04237 -428.71818 278.71818 1127.11485
-51.67034 -15.50339 10734.35593 8474.49153 -428.93384 278.93384 1446.79513
-51.66271 -15.50339 10734.35593 9321.94068 -431.03226 281.03226 976.61590
-51.65508 -15.50339 10734.35593 10169.38983 -434.76718 284.76718 812.96973
-51.64746 -15.50339 10734.35593 11016.83898 -438.30436 288.30436 503.64788
-51.63983 -15.50339 10734.35593 11864.28814 -441.64201 291.64201 248.80841
-51.63220 -15.50339 10734.35593 12711.73729 -444.86680 294.86680 136.73175
-51.62458 -15.50339 10734.35593 13559.18644 -448.06405 298.06405 42.55317
-51.61695 -15.50339 10734.35593 14406.63559 -451.31690 301.31690 -242.48848
-51.60932 -15.50339 10734.35593 15254.08475 -454.71027 304.71027 -380.65715
-51.60169 -15.50339 10734.35593 16101.53390 -458.33359 308.33359 -398.01861
-51.59407 -15.50339 10734.35593 16948.98305 -462.26957 312.26957 -349.13997
-51.58644 -15.50339 10734.35593 17796.43220 -466.30894 316.30894 -294.16147
-51.57881 -15.50339 10734.35593 18643.88136 -466.76642 316.76642 -245.40967
-51.57119 -15.50339 10734.35593 19491.33051 -464.44261 314.44261 -192.83663
-51.56356 -15.50339 10734.35593 20338.77966 -462.26468 312.26468 -156.43259
-51.55593 -15.50339 10734.35593 21186.22881 -460.34404 310.34404 -80.00131
-51.74661 -15.49831 11299.32203 0.00000 -423.65521 273.65521 -68.37312
-51.73898 -15.49831 11299.32203 847.44915 -424.34854 274.34854 -61.49259
-51.73136 -15.49831 11299.32203 1694.89831 -425.03985 275.03985 -32.97934
-51.72373 -15.49831 11299.32203 2542.34746 -425.70137 275.70137 3.83923
-51.71610 -15.49831 11299.32203 3389.79661 -426.31953 276.31953 47.19790
-51.70847 -15.49831 11299.32203 4237.24576 -426.88075 276.88075 119.41827
-51.70085 -15.49831 11299.32203 5084.69492 -427.36958 277.36958 234.85485
-51.69322 -15.49831 11299.32203 5932.14407 -427.76758 277.76758 441.71445
-51.68559 -15.49831 11299.32203 6779.59322 -428.05216 278.05216 707.99517
-51.67797 -15.49831 11299.32203 7627.04237 -428.19651 278.19651 1057.75402
-51.67034 -15.49831 11299.32203 8474.49153 -428.19513 278.19513 1446.37038
-51.66271 -15.49831 11299.32203 9321.94068 -430.34202 280.34202 1436.54108
-51.65508 -15.49831 11299.32203 10169.38983 -434.27777 284.27777 952.43792
-51.64746 -15.49831 11299.32203 11016.83898 -437.90766 287.90766 639.61339
-51.63983 -15.49831 11299.32203 11864.28814 -441.32306 291.32306 584.74582
-51.63220 -15.49831 11299.32203 12711.73729 -444.62143 294.62143 617.58561
-51.62458 -15.49831 11299.32203 13559.18644 -447.89153 297.89153 401.85546
-51.61695 -15.49831 11299.32203 14406.63559 -451.21869 301.21869 -22.67851
-51.60932 -15.49831 11299.32203 15254.08475 -454.69076 304.69076 -253.78138
-51.60169 -15.49831 11299.32203 16101.53390 -458.40398 308.40398 -323.32639
-51.59407 -15.49831 11299.32203 16948.98305 -462.46655 312.46655 -313.38687
-51.58644 -15.49831 11299.32203 17796.43220 -466.93459 316.93459 -301.68370
-51.57881 -15.49831 11299.32203 18643.88136 -467.25789 317.25789 -248.61166
-51.57119 -15.49831 11299.32203 19491.33051 -464.65452 314.65452 -234.65160
-51.56356 -15.49831 11299.32203 20338.77966 -462.37928 312.37928 -208.16020
-51.55593 -15.49831 11299.32203 21186.22881 -460.39070 310.39070 -138.21936
-51.74661 -15.49322 11864.28814 0.00000 -424.21052 274.21052 -38.49741
-51.73898 -15.49322 11864.28814 847.44915 -424.61805 274.61805 -19.50511
-51.73136 -15.49322 11864.28814 1694.89831 -425.18993 275.18993 5.89444
-51.72373 -15.49322 11864.28814 2542.34746 -425.77169 275.77169 36.93321
-51.71610 -15.49322 11864.28814 3389.79661 -426.32469 276.32469 83.34265
-51.70847 -15.49322 11864.28814 4237.24576 -426.83000 276.83000 169.32446
-51.70085 -15.49322 11864.28814 5084.69492 -427.27239 277.27239 262.33350
-51.69322 -15.49322 11864.28814 5932.14407 -427.63815 277.63815 432.23169
-51.68559 -15.49322 11864.28814 6779.59322 -427.91972 277.91972 629.56767
-51.67797 -15.49322 11864.28814 7627.04237 -428.14940 278.14940 900.33073
-51.67034 -15.49322 11864.28814 8474.49153 -428.62939 278.62939 1321.09991
-51.66271 -15.49322 11864.28814 9321.94068 -430.63090 280.63090 1854.95771
-51.65508 -15.49322 11864.28814 10169.38983 -434.07955 284.07955 991.30389
-51.64746 -15.49322 11864.28814 11016.83898 -437.61434 287.61434 731.63005
-51.63983 -15.49322 11864.28814 11864.28814 -441.01208 291.01208 932.69081
-51.63220 -15.49322 11864.28814 12711.73729 -444.31408 294.31408 1132.73438
-51.62458 -15.49322 11864.28814 13559.18644 -447.59154 297.59154 797.86475
-51.61695 -15.49322 11864.28814 14406.63559 -450.91863 300.91863 188.07496
-51.60932 -15.49322 11864.28814 15254.08475 -454.36819 304.36819 -127.54892
-51.60169 -15.49322 11864.28814 16101.53390 -458.00145 308.00145 -242.45320
-51.59407 -15.49322 11864.28814 16948.98305 -461.79314 311.79314 -271.44651
-51.58644 -15.49322 11864.28814 17796.43220 -465.10832 315.10832 -307.32778
-51.57881 -15.49322 11864.28814 18643.88136 -465.73157 315.73157 -250.25683
-51.57119 -15.49322 11864.28814 19491.33051 -463.99791 313.99791 -261.46914
-51.56356 -15.49322 11864.28814 20338.77966 -461.94295 311.94295 -235.74866
-51.55593 -15.49322 11864.28814 21186.22881 -460.02220 310.02220 -177.18278
-51.74661 -15.48814 12429.25424 0.00000 -424.87076 274.87076 -28.82289
-51.73898 -15.48814 12429.25424 847.44915 -425.11717 275.11717 -14.30726
-51.73136 -15.48814 12429.25424 1694.89831 -425.54727 275.54727 3.87349
-51.72373 -15.48814 12429.25424 2542.34746 -426.02260 276.02260 28.46109
-51.71610 -15.48814 12429.25424 3389.79661 -426.50528 276.50528 69.23838
-51.70847 -15.48814 12429.25424 4237.24576 -426.96257 276.96257 144.32867
-51.70085 -15.48814 12429.25424 5084.69492 -427.37942 277.37942 248.15210
-51.69322 -15.48814 12429.25424 5932.14407 -427.75368 277.75368 391.08658
-51.68559 -15.48814 12429.25424 6779.59322 -428.11555 278.11555 545.05498
-51.67797 -15.48814 12429.25424 7627.04237 -428.53790 278.53790 731.85908
-51.67034 -15.48814 12429.25424 8474.49153 -429.30420 279.30420 974.18167
-51.66271 -15.48814 12429.25424 9321.94068 -431.18091 281.18091 1189.96936
-51.65508 -15.48814 12429.25424 10169.38983 -434.15699 284.15699 858.52096
-51.64746 -15.48814 12429.25424 11016.83898 -437.43463 287.43463 858.27787
-51.63983 -15.48814 12429.25424 11864.28814 -440.70970 290.70970 1042.53660
-51.63220 -15.48814 12429.25424 12711.73729 -443.94050 293.94050 1090.57079
-51.62458 -15.48814 12429.25424 13559.18644 -447.15568 297.15568 755.40624
-51.61695 -15.48814 12429.25424 14406.63559 -450.40279 300.40279 290.01771
-51.60932 -15.48814 12429.25424 15254.08475 -453.71860 303.71860 -11.33793
-51.60169 -15.48814 12429.25424 16101.53390 -457.07732 307.07732 -153.49105
-51.59407 -15.48814 12429.25424 16948.98305 -460.35716 310.35716 -205.09262
-51.58644 -15.48814 12429.25424 17796.43220 -462.95130 312.95130 -247.99998
-51.57881 -15.48814 12429.25424 18643.88136 -463.64069 313.64069 -281.61341
-51.57119 -15.48814 12429.25424 19491.33051 -462.49008 312.49008 -179.72917
-51.56356 -15.48814 12429.25424 20338.77966 -460.90211 310.90211 -127.68795
-51.55593 -15.48814 12429.25424 21186.22881 -459.20667 309.20667 -116.53110
-51.74661 -15.48305 12994.22034 0.00000 -425.51029 275.51029 -19.17435
-51.73898 -15.48305 12994.22034 847.44915 -425.64058 275.64058 -9.62771
-51.73136 -15.48305 12994.22034 1694.89831 -426.05451 276.05451 1.99716
-51.72373 -15.48305 12994.22034 2542.34746 -426.47139 276.47139 20.01671
-51.71610 -15.48305 12994.22034 3389.79661 -426.88826 276.88826 50.93690
-51.70847 -15.48305 12994.22034 4237.24576 -427.30560 277.30560 102.93760
-51.70085 -15.48305 12994.22034 5084.69492 -427.72202 277.72202 221.33917
-51.69322 -15.48305 12994.22034 5932.14407 -428.13890 278.13890 342.74963
-51.68559 -15.48305 12994.22034 6779.59322 -428.55577 278.55577 461.18739
-51.67797 -15.48305 12994.22034 7627.04237 -428.97534 278.97534 576.18730
-51.67034 -15.48305 12994.22034 8474.49153 -429.92996 279.92996 675.72950
-51.66271 -15.48305 12994.22034 9321.94068 -431.69326 281.69326 668.51069
-51.65508 -15.48305 12994.22034 10169.38983 -434.26977 284.26977 741.01335
-51.64746 -15.48305 12994.22034 11016.83898 -437.34311 287.34311 914.93508
-51.63983 -15.48305 12994.22034 11864.28814 -440.41684 290.41684 1032.95350
-51.63220 -15.48305 12994.22034 12711.73729 -443.49057 293.49057 965.61778
-51.62458 -15.48305 12994.22034 13559.18644 -446.56388 296.56388 690.68470
-51.61695 -15.48305 12994.22034 14406.63559 -449.63804 299.63804 339.23872
-51.60932 -15.48305 12994.22034 15254.08475 -452.71177 302.71177 70.35368
-51.60169 -15.48305 12994.22034 16101.53390 -455.78550 305.78550 -79.89185
-51.59407 -15.48305 12994.22034 16948.98305 -458.84218 308.84218 -142.56117
-51.58644 -15.48305 12994.22034 17796.43220 -460.89608 310.89608 -182.67703
-51.57881 -15.48305 12994.22034 18643.88136 -461.57723 311.57723 -266.56116
-51.57119 -15.48305 12994.22034 19491.33051 -460.84998 310.84998 -112.12845
-51.56356 -15.48305 12994.22034 20338.77966 -459.37118 309.37118 -55.56128
-51.55593 -15.48305 12994.22034 21186.22881 -457.89237 307.89237 -77.03269
-51.74661 -15.47797 13559.18644 0.00000 -426.12018 276.12018 -1.45555
-51.73898 -15.47797 13559.18644 847.44915 -426.18851 276.18851 11.39202
-51.73136 -15.47797 13559.18644 1694.89831 -426.56426 276.56426 21.86147
-51.72373 -15.47797 13559.18644 2542.34746 -426.97043 276.97043 31.37815
-51.71610 -15.47797 13559.18644 3389.79661 -427.37659 277.37659 34.14984
-51.70847 -15.47797 13559.18644 4237.24576 -427.78275 277.78275 21.44410
-51.70085 -15.47797 13559.18644 5084.69492 -428.18891 278.18891 159.05959
-51.69322 -15.47797 13559.18644 5932.14407 -428.59508 278.59508 282.90957
-51.68559 -15.47797 13559.18644 6779.59322 -429.00124 279.00124 380.82964
-51.67797 -15.47797 13559.18644 7627.04237 -429.45575 279.45575 468.57000
-51.67034 -15.47797 13559.18644 8474.49153 -430.48635 280.48635 564.86766
-51.66271 -15.47797 13559.18644 9321.94068 -432.13969 282.13969 652.56656
-51.65508 -15.47797 13559.18644 10169.38983 -434.41855 284.41855 730.21543
-51.64746 -15.47797 13559.18644 11016.83898 -437.25420 287.25420 763.30826
-51.63983 -15.47797 13559.18644 11864.28814 -440.12665 290.12665 760.39668
-51.63220 -15.47797 13559.18644 12711.73729 -442.99909 292.99909 703.34443
-51.62458 -15.47797 13559.18644 13559.18644 -445.87153 295.87153 508.27398
-51.61695 -15.47797 13559.18644 14406.63559 -448.74398 298.74398 256.69628
-51.60932 -15.47797 13559.18644 15254.08475 -451.61642 301.61642 63.70434
-51.60169 -15.47797 13559.18644 16101.53390 -454.48886 304.48886 -48.72532
-51.59407 -15.47797 13559.18644 16948.98305 -457.24307 307.24307 -95.17686
-51.58644 -15.47797 13559.18644 17796.43220 -458.96152 308.96152 -106.98851
-51.57881 -15.47797 13559.18644 18643.88136 -459.61203 309.61203 -117.45517
-51.57119 -15.47797 13559.18644 19491.33051 -459.17126 309.17126 -98.74099
-51.56356 -15.47797 13559.18644 20338.77966 -457.82050 307.82050 -100.67621
-51.55593 -15.47797 13559.18644 21186.22881 -456.43111 306.43111 -109.63986
-51.74661 -15.47288 14124.15254 0.00000 -426.70194 276.70194 12.28158
-51.73898 -15.47288 14124.15254 847.44915 -426.74023 276.74023 28.97409
-51.73136 -15.47288 14124.15254 1694.89831 -427.07402 277.07402 44.85556
-51.72373 -15.47288 14124.15254 2542.34746 -427.46946 277.46946 68.91059
-51.71610 -15.47288 14124.15254 3389.79661 -427.86491 277.86491 83.25244
-51.70847 -15.47288 14124.15254 4237.24576 -428.26036 278.26036 36.92041
-51.70085 -15.47288 14124.15254 5084.69492 -428.65581 278.65581 149.49172
-51.69322 -15.47288 14124.15254 5932.14407 -429.05126 279.05126 248.61226
-51.68559 -15.47288 14124.15254 6779.59322 -429.44671 279.44671 325.56658
-51.67797 -15.47288 14124.15254 7627.04237 -429.94321 279.94321 394.65114
-51.67034 -15.47288 14124.15254 8474.49153 -430.97918 280.97918 476.75867
-51.66271 -15.47288 14124.15254 9321.94068 -432.52402 282.52402 590.27603
-51.65508 -15.47288 14124.15254 10169.38983 -434.57975 284.57975 664.13599
-51.64746 -15.47288 14124.15254 11016.83898 -437.16530 287.16530 627.03712
-51.63983 -15.47288 14124.15254 11864.28814 -439.83645 289.83645 568.12814
-51.63220 -15.47288 14124.15254 12711.73729 -442.50761 292.50761 527.02983
-51.62458 -15.47288 14124.15254 13559.18644 -445.17876 295.17876 413.28724
-51.61695 -15.47288 14124.15254 14406.63559 -447.84992 297.84992 230.75938
-51.60932 -15.47288 14124.15254 15254.08475 -450.52107 300.52107 73.03913
-51.60169 -15.47288 14124.15254 16101.53390 -453.19222 303.19222 -23.53350
-51.59407 -15.47288 14124.15254 16948.98305 -455.64295 305.64295 -64.75288
-51.58644 -15.47288 14124.15254 17796.43220 -457.13526 307.13526 -75.70992
-51.57881 -15.47288 14124.15254 18643.88136 -457.74543 307.74543 -64.61310
-51.57119 -15.47288 14124.15254 19491.33051 -457.45672 307.45672 -98.55551
-51.56356 -15.47288 14124.15254 20338.77966 -456.26982 306.26982 -120.24182
-51.55593 -15.47288 14124.15254 21186.22881 -454.96984 304.96984 -122.23409
-51.74661 -15.46780 14689.11864 0.00000 -427.25862 277.25862 20.30631
-51.73898 -15.46780 14689.11864 847.44915 -427.28362 277.28362 41.20624
-51.73136 -15.46780 14689.11864 1694.89831 -427.58377 277.58377 71.22400
-51.72373 -15.46780 14689.11864 2542.34746 -427.96850 277.96850 141.29972
-51.71610 -15.46780 14689.11864 3389.79661 -428.35324 278.35324 224.52009
-51.70847 -15.46780 14689.11864 4237.24576 -428.73797 278.73797 196.99067
-51.70085 -15.46780 14689.11864 5084.69492 -429.12271 279.12271 210.25829
-51.69322 -15.46780 14689.11864 5932.14407 -429.50744 279.50744 247.59571
-51.68559 -15.46780 14689.11864 6779.59322 -429.89217 279.89217 302.33712
-51.67797 -15.46780 14689.11864 7627.04237 -430.41295 280.41295 362.51576
-51.67034 -15.46780 14689.11864 8474.49153 -431.41806 281.41806 414.36259
-51.66271 -15.46780 14689.11864 9321.94068 -432.85521 282.85521 473.68852
-51.65508 -15.46780 14689.11864 10169.38983 -434.72593 284.72593 530.84806
-51.64746 -15.46780 14689.11864 11016.83898 -437.07640 287.07640 515.42264
-51.63983 -15.46780 14689.11864 11864.28814 -439.54626 289.54626 473.87501
-51.63220 -15.46780 14689.11864 12711.73729 -442.01613 292.01613 444.79262
-51.62458 -15.46780 14689.11864 13559.18644 -444.48599 294.48599 413.86945
-51.61695 -15.46780 14689.11864 14406.63559 -446.95586 296.95586 268.14266
-51.60932 -15.46780 14689.11864 15254.08475 -449.42572 299.42572 100.91721
-51.60169 -15.46780 14689.11864 16101.53390 -451.89559 301.89559 -3.76430
-51.59407 -15.46780 14689.11864 16948.98305 -454.07832 304.07832 -51.29624
-51.58644 -15.46780 14689.11864 17796.43220 -455.40102 305.40102 -89.91639
-51.57881 -15.46780 14689.11864 18643.88136 -455.96576 305.96576 -106.63816
-51.57119 -15.46780 14689.11864 19491.33051 -455.75940 305.75940 -111.57835
-51.56356 -15.46780 14689.11864 20338.77966 -454.71914 304.71914 -113.82743
-51.55593 -15.46780 14689.11864 21186.22881 -453.50858 303.50858 -115.61374
-51.74661 -15.46271 15254.08475 0.00000 -427.79333 277.79333 34.19915
-51.73898 -15.46271 15254.08475 847.44915 -427.81528 277.81528 53.03251
-51.73136 -15.46271 15254.08475 1694.89831 -428.09352 278.09352 84.09664
-51.72373 -15.46271 15254.08475 2542.34746 -428.46754 278.46754 152.07038
-51.71610 -15.46271 15254.08475 3389.79661 -428.84156 278.84156 234.61620
-51.70847 -15.46271 15254.08475 4237.24576 -429.21558 279.21558 229.63928
-51.70085 -15.46271 15254.08475 5084.69492 -429.58960 279.58960 215.96483
-51.69322 -15.46271 15254.08475 5932.14407 -429.96362 279.96362 218.39970
-51.68559 -15.46271 15254.08475 6779.59322 -430.33764 280.33764 240.82946
-51.67797 -15.46271 15254.08475 7627.04237 -430.85978 280.85978 266.02578
-51.67034 -15.46271 15254.08475 8474.49153 -431.81293 281.81293 278.54453
-51.66271 -15.46271 15254.08475 9321.94068 -433.14283 283.14283 327.18980
-51.65508 -15.46271 15254.08475 10169.38983 -434.85077 284.85077 335.05103
-51.64746 -15.46271 15254.08475 11016.83898 -436.98749 286.98749 335.30401
-51.63983 -15.46271 15254.08475 11864.28814 -439.25607 289.25607 330.03360
-51.63220 -15.46271 15254.08475 12711.73729 -441.52465 291.52465 321.16284
-51.62458 -15.46271 15254.08475 13559.18644 -443.79322 293.79322 315.42427
-51.61695 -15.46271 15254.08475 14406.63559 -446.06180 296.06180 245.02132
-51.60932 -15.46271 15254.08475 15254.08475 -448.33037 298.33037 127.35284
-51.60169 -15.46271 15254.08475 16101.53390 -450.59895 300.59895 30.56199
-51.59407 -15.46271 15254.08475 16948.98305 -452.55635 302.55635 -26.32787
-51.58644 -15.46271 15254.08475 17796.43220 -453.74283 303.74283 -57.96042
-51.57881 -15.46271 15254.08475 18643.88136 -454.25910 304.25910 -88.70209
-51.57119 -15.46271 15254.08475 19491.33051 -454.09409 304.09409 -100.80098
-51.56356 -15.46271 15254.08475 20338.77966 -453.16846 303.16846 -116.67143
-51.55593 -15.46271 15254.08475 21186.22881 -452.04731 302.04731 -128.80591
-51.74661 -15.45763 15819.05085 0.00000 -428.30897 278.30897 51.43447
-51.73898 -15.45763 15819.05085 847.44915 -428.33503 278.33503 64.49159
-51.73136 -15.45763 15819.05085 1694.89831 -428.60327 278.60327 88.67122
-51.72373 -15.45763 15819.05085 2542.34746 -428.96658 278.96658 128.97184
-51.71610 -15.45763 15819.05085 3389.79661 -429.32989 279.32989 173.56292
-51.70847 -15.45763 15819.05085 4237.24576 -429.69319 279.69319 193.02250
-51.70085 -15.45763 15819.05085 5084.69492 -430.05650 280.05650 191.67747
-51.69322 -15.45763 15819.05085 5932.14407 -430.41980 280.41980 177.75109
-51.68559 -15.45763 15819.05085 6779.59322 -430.78311 280.78311 166.19021
-51.67797 -15.45763 15819.05085 7627.04237 -431.28561 281.28561 144.86960
-51.67034 -15.45763 15819.05085 8474.49153 -432.17325 282.17325 105.26603
-51.66271 -15.45763 15819.05085 9321.94068 -433.39621 283.39621 168.40334
-51.65508 -15.45763 15819.05085 10169.38983 -434.95562 284.95562 119.82415
-51.64746 -15.45763 15819.05085 11016.83898 -436.89859 286.89859 135.87725
-51.63983 -15.45763 15819.05085 11864.28814 -438.96588 288.96588 172.54445
-51.63220 -15.45763 15819.05085 12711.73729 -441.03316 291.03316 183.93299
-51.62458 -15.45763 15819.05085 13559.18644 -443.10045 293.10045 180.77559
-51.61695 -15.45763 15819.05085 14406.63559 -445.16774 295.16774 198.14054
-51.60932 -15.45763 15819.05085 15254.08475 -447.23502 297.23502 151.21156
-51.60169 -15.45763 15819.05085 16101.53390 -449.30231 299.30231 69.58646
-51.59407 -15.45763 15819.05085 16948.98305 -451.07359 301.07359 2.59264
-51.58644 -15.45763 15819.05085 17796.43220 -452.14577 302.14577 -9.31903
-51.57881 -15.45763 15819.05085 18643.88136 -452.61155 302.61155 -48.67190
-51.57119 -15.45763 15819.05085 19491.33051 -452.46108 302.46108 -79.24213
-51.56356 -15.45763 15819.05085 20338.77966 -451.61778 301.61778 -118.53620
-51.55593 -15.45763 15819.05085 21186.22881 -450.58604 300.58604 -144.31731
-51.74661 -15.45254 16384.01695 0.00000 -428.80815 278.80815 59.88528
-51.73898 -15.45254 16384.01695 847.44915 -428.84412 278.84412 70.81460
-51.73136 -15.45254 16384.01695 1694.89831 -429.11303 279.11303 90.12290
-51.72373 -15.45254 16384.01695 2542.34746 -429.46562 279.46562 116.14149
-51.71610 -15.45254 16384.01695 3389.79661 -429.81821 279.81821 144.80726
-51.70847 -15.45254 16384.01695 4237.24576 -430.17080 280.17080 174.37081
-51.70085 -15.45254 16384.01695 5084.69492 -430.52339 280.52339 187.75037
-51.69322 -15.45254 16384.01695 5932.14407 -430.87598 280.87598 186.23307
-51.68559 -15.45254 16384.01695 6779.59322 -431.22858 281.22858 190.17365
-51.67797 -15.45254 16384.01695 7627.04237 -431.69532 281.69532 190.40386
-51.67034 -15.45254 16384.01695 8474.49153 -432.50803 282.50803 163.41759
-51.66271 -15.45254 16384.01695 9321.94068 -433.62425 283.62425 115.11281
-51.65508 -15.45254 16384.01695 10169.38983 -435.04503 285.04503 98.31463
-51.64746 -15.45254 16384.01695 11016.83898 -436.80969 286.80969 110.14665
-51.63983 -15.45254 16384.01695 11864.28814 -438.67569 288.67569 143.18968
-51.63220 -15.45254 16384.01695 12711.73729 -440.54168 290.54168 177.95258
-51.62458 -15.45254 16384.01695 13559.18644 -442.40768 292.40768 177.02254
-51.61695 -15.45254 16384.01695 14406.63559 -444.27368 294.27368 179.68907
-51.60932 -15.45254 16384.01695 15254.08475 -446.13967 296.13967 152.92711
-51.60169 -15.45254 16384.01695 16101.53390 -448.00567 298.00567 90.60751
-51.59407 -15.45254 16384.01695 16948.98305 -449.62209 299.62209 25.00638
-51.58644 -15.45254 16384.01695 17796.43220 -450.59588 300.59588 -0.70094
-51.57881 -15.45254 16384.01695 18643.88136 -451.00973 301.00973 -3.47077
-51.57119 -15.45254 16384.01695 19491.33051 -450.85432 300.85432 -35.68516
-51.56356 -15.45254 16384.01695 20338.77966 -450.06710 300.06710 -75.02955
-51.55593 -15.45254 16384.01695 21186.22881 -449.12478 299.12478 -102.35083
-51.74661 -15.44746 16948.98305 0.00000 -429.29327 279.29327 66.52461
-51.73898 -15.44746 16948.98305 847.44915 -429.34475 279.34475 75.66417
-51.73136 -15.44746 16948.98305 1694.89831 -429.62278 279.62278 90.76983
-51.72373 -15.44746 16948.98305 2542.34746 -429.96466 279.96466 107.13399
-51.71610 -15.44746 16948.98305 3389.79661 -430.30653 280.30653 125.02733
-51.70847 -15.44746 16948.98305 4237.24576 -430.64841 280.64841 161.54166
-51.70085 -15.44746 16948.98305 5084.69492 -430.99029 280.99029 188.14788
-51.69322 -15.44746 16948.98305 5932.14407 -431.33217 281.33217 209.18483
-51.68559 -15.44746 16948.98305 6779.59322 -431.67404 281.67404 240.14148
-51.67797 -15.44746 16948.98305 7627.04237 -432.09531 282.09531 267.49069
-51.67034 -15.44746 16948.98305 8474.49153 -432.82595 282.82595 254.23422
-51.66271 -15.44746 16948.98305 9321.94068 -433.83559 283.83559 105.36674
-51.65508 -15.44746 16948.98305 10169.38983 -435.12526 285.12526 148.38769
-51.64746 -15.44746 16948.98305 11016.83898 -436.72078 286.72078 153.87116
-51.63983 -15.44746 16948.98305 11864.28814 -438.38549 288.38549 159.96611
-51.63220 -15.44746 16948.98305 12711.73729 -440.05020 290.05020 196.23251
-51.62458 -15.44746 16948.98305 13559.18644 -441.71491 291.71491 189.02836
-51.61695 -15.44746 16948.98305 14406.63559 -443.37962 293.37962 169.32768
-51.60932 -15.44746 16948.98305 15254.08475 -445.04433 295.04433 150.66988
-51.60169 -15.44746 16948.98305 16101.53390 -446.70903 296.70903 105.21890
-51.59407 -15.44746 16948.98305 16948.98305 -448.19145 298.19145 45.30297
-51.58644 -15.44746 16948.98305 17796.43220 -449.07990 299.07990 4.91744
-51.57881 -15.44746 16948.98305 18643.88136 -449.44062 299.44062 33.27103
-51.57119 -15.44746 16948.98305 19491.33051 -449.26427 299.26427 -0.68266
-51.56356 -15.44746 16948.98305 20338.77966 -448.51642 298.51642 -34.85218
-51.55593 -15.44746 16948.98305 21186.22881 -447.66351 297.66351 -59.67010
-51.74661 -15.44237 17513.94915 0.00000 -429.76658 279.76658 70.24046
-51.73898 -15.44237 17513.94915 847.44915 -429.84020 279.84020 78.11136
-51.73136 -15.44237 17513.94915 1694.89831 -430.13253 280.13253 90.94068
-51.72373 -15.44237 17513.94915 2542.34746 -430.46370 280.46370 107.66019
-51.71610 -15.44237 17513.94915 3389.79661 -430.79486 280.79486 128.99866
-51.70847 -15.44237 17513.94915 4237.24576 -431.12602 281.12602 161.74161
-51.70085 -15.44237 17513.94915 5084.69492 -431.45718 281.45718 195.23112
-51.69322 -15.44237 17513.94915 5932.14407 -431.78835 281.78835 253.06774
-51.68559 -15.44237 17513.94915 6779.59322 -432.11951 282.11951 308.51745
-51.67797 -15.44237 17513.94915 7627.04237 -432.49312 282.49312 346.49854
-51.67034 -15.44237 17513.94915 8474.49153 -433.13559 283.13559 358.60196
-51.66271 -15.44237 17513.94915 9321.94068 -434.03879 284.03879 317.70225
-51.65508 -15.44237 17513.94915 10169.38983 -435.20376 285.20376 386.15590
-51.64746 -15.44237 17513.94915 11016.83898 -436.63188 286.63188 350.17677
-51.63983 -15.44237 17513.94915 11864.28814 -438.09530 288.09530 281.99062
-51.63220 -15.44237 17513.94915 12711.73729 -439.55872 289.55872 253.63250
-51.62458 -15.44237 17513.94915 13559.18644 -441.02214 291.02214 224.41178
-51.61695 -15.44237 17513.94915 14406.63559 -442.48556 292.48556 183.02645
-51.60932 -15.44237 17513.94915 15254.08475 -443.94898 293.94898 148.25558
-51.60169 -15.44237 17513.94915 16101.53390 -445.41240 295.41240 107.39487
-51.59407 -15.44237 17513.94915 16948.98305 -446.76913 296.76913 60.95609
-51.58644 -15.44237 17513.94915 17796.43220 -447.58486 297.58486 21.54583
-51.57881 -15.44237 17513.94915 18643.88136 -447.89132 297.89132 16.89055
-51.57119 -15.44237 17513.94915 19491.33051 -447.67848 297.67848 -14.63666
-51.56356 -15.44237 17513.94915 20338.77966 -446.96574 296.96574 -34.61220
-51.55593 -15.44237 17513.94915 21186.22881 -446.20225 296.20225 -47.55084
-51.74661 -15.43729 18078.91525 0.00000 -430.23032 280.23032 71.84732
-51.73898 -15.43729 18078.91525 847.44915 -430.33580 280.33580 80.62161
-51.73136 -15.43729 18078.91525 1694.89831 -430.64229 280.64229 92.75074
-51.72373 -15.43729 18078.91525 2542.34746 -430.96273 280.96273 109.84641
-51.71610 -15.43729 18078.91525 3389.79661 -431.28318 281.28318 132.68256
-51.70847 -15.43729 18078.91525 4237.24576 -431.60363 281.60363 161.50651
-51.70085 -15.43729 18078.91525 5084.69492 -431.92408 281.92408 200.68704
-51.69322 -15.43729 18078.91525 5932.14407 -432.24453 282.24453 280.19164
-51.68559 -15.43729 18078.91525 6779.59322 -432.56498 282.56498 348.01517
-51.67797 -15.43729 18078.91525 7627.04237 -432.89762 282.89762 391.46226
-51.67034 -15.43729 18078.91525 8474.49153 -433.44574 283.44574 424.45285
-51.66271 -15.43729 18078.91525 9321.94068 -434.24262 284.24262 452.93810
-51.65508 -15.43729 18078.91525 10169.38983 -435.28944 285.28944 530.64193
-51.64746 -15.43729 18078.91525 11016.83898 -436.54298 286.54298 477.10105
-51.63983 -15.43729 18078.91525 11864.28814 -437.80511 287.80511 371.25203
-51.63220 -15.43729 18078.91525 12711.73729 -439.06724 289.06724 295.26408
-51.62458 -15.43729 18078.91525 13559.18644 -440.32937 290.32937 246.41814
-51.61695 -15.43729 18078.91525 14406.63559 -441.59150 291.59150 191.40859
-51.60932 -15.43729 18078.91525 15254.08475 -442.85363 292.85363 146.58913
-51.60169 -15.43729 18078.91525 16101.53390 -444.11576 294.11576 107.78313
-51.59407 -15.43729 18078.91525 16948.98305 -445.33939 295.33939 69.48885
-51.58644 -15.43729 18078.91525 17796.43220 -446.09763 296.09763 29.59386
-51.57881 -15.43729 18078.91525 18643.88136 -446.34847 296.34847 8.35141
-51.57119 -15.43729 18078.91525 19491.33051 -446.08022 296.08022 -21.82318
-51.56356 -15.43729 18078.91525 20338.77966 -445.41506 295.41506 -36.18175
-51.55593 -15.43729 18078.91525 21186.22881 -444.74098 294.74098 -43.01562
-51.74661 -15.43220 18643.88136 0.00000 -430.68705 280.68705 68.59579
-51.73898 -15.43220 18643.88136 847.44915 -430.84234 280.84234 83.64122
-51.73136 -15.43220 18643.88136 1694.89831 -431.15204 281.15204 98.36711
-51.72373 -15.43220 18643.88136 2542.34746 -431.46177 281.46177 114.27426
-51.71610 -15.43220 18643.88136 3389.79661 -431.76768 281.76768 134.21680
-51.70847 -15.43220 18643.88136 4237.24576 -432.07413 282.07413 160.08235
-51.70085 -15.43220 18643.88136 5084.69492 -432.38732 282.38732 202.32672
-51.69322 -15.43220 18643.88136 5932.14407 -432.70071 282.70071 268.52308
-51.68559 -15.43220 18643.88136 6779.59322 -433.01045 283.01045 326.01367
-51.67797 -15.43220 18643.88136 7627.04237 -433.32018 283.32018 369.15550
-51.67034 -15.43220 18643.88136 8474.49153 -433.76571 283.76571 409.47539
-51.66271 -15.43220 18643.88136 9321.94068 -434.45643 284.45643 446.45595
-51.65508 -15.43220 18643.88136 10169.38983 -435.39323 285.39323 488.58014
-51.64746 -15.43220 18643.88136 11016.83898 -436.45408 286.45408 463.53099
-51.63983 -15.43220 18643.88136 11864.28814 -437.51492 287.51492 391.12384
-51.63220 -15.43220 18643.88136 12711.73729 -438.57757 288.57757 307.02655
-51.62458 -15.43220 18643.88136 13559.18644 -439.64161 289.64161 242.32347
-51.61695 -15.43220 18643.88136 14406.63559 -440.70083 290.70083 189.85221
-51.60932 -15.43220 18643.88136 15254.08475 -441.75828 291.75828 146.12514
-51.60169 -15.43220 18643.88136 16101.53390 -442.81912 292.81912 106.37741
-51.59407 -15.43220 18643.88136 16948.98305 -443.87918 293.87918 66.36848
-51.58644 -15.43220 18643.88136 17796.43220 -444.60419 294.60419 26.22412
-51.57881 -15.43220 18643.88136 18643.88136 -444.79733 294.79733 9.97819
-51.57119 -15.43220 18643.88136 19491.33051 -444.44905 294.44905 -16.62294
-51.56356 -15.43220 18643.88136 20338.77966 -443.86438 293.86438 -37.75942
-51.55593 -15.43220 18643.88136 21186.22881 -443.27972 293.27972 -48.31392
-51.74661 -15.42712 19208.84746 0.00000 -431.14076 281.14076 71.23939
-51.73898 -15.42712 19208.84746 847.44915 -431.36277 281.36277 87.23141
-51.73136 -15.42712 19208.84746 1694.89831 -431.64570 281.64570 101.58958
-51.72373 -15.42712 19208.84746 2542.34746 -431.89795 281.89795 116.36315
-51.71610 -15.42712 19208.84746 3389.79661 -432.16495 282.16495 134.42173
-51.70847 -15.42712 19208.84746 4237.24576 -432.45629 282.45629 156.79063
-51.70085 -15.42712 19208.84746 5084.69492 -432.77101 282.77101 198.86344
-51.69322 -15.42712 19208.84746 5932.14407 -433.10388 283.10388 252.86349
-51.68559 -15.42712 19208.84746 6779.59322 -433.44280 283.44280 300.72728
-51.67797 -15.42712 19208.84746 7627.04237 -433.75493 283.75493 340.53209
-51.67034 -15.42712 19208.84746 8474.49153 -434.10606 284.10606 380.17816
-51.66271 -15.42712 19208.84746 9321.94068 -434.69091 284.69091 415.66200
-51.65508 -15.42712 19208.84746 10169.38983 -435.50562 285.50562 437.48893
-51.64746 -15.42712 19208.84746 11016.83898 -436.36362 286.36362 426.22873
-51.63983 -15.42712 19208.84746 11864.28814 -437.23492 287.23492 373.12507
-51.63220 -15.42712 19208.84746 12711.73729 -438.12364 288.12364 291.76050
-51.62458 -15.42712 19208.84746 13559.18644 -439.01409 289.01409 230.34562
-51.61695 -15.42712 19208.84746 14406.63559 -439.88799 289.88799 175.87370
-51.60932 -15.42712 19208.84746 15254.08475 -440.73020 290.73020 134.77854
-51.60169 -15.42712 19208.84746 16101.53390 -441.54132 291.54132 100.65065
-51.59407 -15.42712 19208.84746 16948.98305 -442.38203 292.38203 66.32258
-51.58644 -15.42712 19208.84746 17796.43220 -443.08810 293.08810 29.29681
-51.57881 -15.42712 19208.84746 18643.88136 -443.21901 293.21901 12.63974
-51.57119 -15.42712 19208.84746 19491.33051 -442.80896 292.80896 -9.67846
-51.56356 -15.42712 19208.84746 20338.77966 -442.34839 292.34839 -36.40067
-51.55593 -15.42712 19208.84746 21186.22881 -441.92090 291.92090 -51.18536
-51.74661 -15.42203 19773.81356 0.00000 -431.60417 281.60417 79.61388
-51.73898 -15.42203 19773.81356 847.44915 -431.82919 281.82919 91.40435
-51.73136 -15.42203 19773.81356 1694.89831 -432.00141 282.00141 102.64604
-51.72373 -15.42203 19773.81356 2542.34746 -432.20840 282.20840 116.33712
-51.71610 -15.42203 19773.81356 3389.79661 -432.45635 282.45635 133.45940
-51.70847 -15.42203 19773.81356 4237.24576 -432.74141 282.74141 151.34347
-51.70085 -15.42203 19773.81356 5084.69492 -433.05882 283.05882 191.13360
-51.69322 -15.42203 19773.81356 5932.14407 -433.40398 283.40398 234.30739
-51.68559 -15.42203 19773.81356 6779.59322 -433.77163 283.77163 272.96628
-51.67797 -15.42203 19773.81356 7627.04237 -434.15041 284.15041 306.91770
-51.67034 -15.42203 19773.81356 8474.49153 -434.48124 284.48124 340.07735
-51.66271 -15.42203 19773.81356 9321.94068 -434.96126 284.96126 366.70560
-51.65508 -15.42203 19773.81356 10169.38983 -435.59946 285.59946 379.89831
-51.64746 -15.42203 19773.81356 11016.83898 -436.26232 286.26232 371.22794
-51.63983 -15.42203 19773.81356 11864.28814 -436.97383 286.97383 327.40384
-51.63220 -15.42203 19773.81356 12711.73729 -437.71212 287.71212 257.48073
-51.62458 -15.42203 19773.81356 13559.18644 -438.45236 288.45236 212.82244
-51.61695 -15.42203 19773.81356 14406.63559 -439.16973 289.16973 153.10315
-51.60932 -15.42203 19773.81356 15254.08475 -439.83929 289.83929 115.50570
-51.60169 -15.42203 19773.81356 16101.53390 -440.43732 290.43732 91.24585
-51.59407 -15.42203 19773.81356 16948.98305 -440.95606 290.95606 67.84807
-51.58644 -15.42203 19773.81356 17796.43220 -441.52252 291.52252 35.84071
-51.57881 -15.42203 19773.81356 18643.88136 -441.57426 291.57426 16.13850
-51.57119 -15.42203 19773.81356 19491.33051 -441.28165 291.28165 -2.02270
-51.56356 -15.42203 19773.81356 20338.77966 -441.04595 291.04595 -33.37235
-51.55593 -15.42203 19773.81356 21186.22881 -440.74386 290.74386 -52.26235
